ID_REF	Hsa_PFC_3days	Hsa_PFC_5days	Hsa_PFC_95days	Hsa_PFC_788days	Hsa_PFC_1631days	Hsa_PFC_9278days	Hsa_PFC_24091days	Hsa_PFC_32121days	Ptr_PFC_1days	Ptr_PFC_2days	Ptr_PFC_40days	Ptr_PFC_526days	Ptr_PFC_2314days	Ptr_PFC_16132days	Ptr_PFC_4362days	Ptr_PFC_12785days	Ptr_PFC_9days	Ptr_PFC_46days	Ptr_PFC_4416days	Mml_PFC_2days	Mml_PFC_8days	Mml_PFC_17days	Mml_PFC_450days	Mml_PFC_1488days	Mml_PFC_3390days	Mml_PFC_8105days	Mml_PFC_10221days
hsa-let-7a	12.5095076157152	12.5095076157152	12.9645347749455	12.7061132781115	12.5095076157152	13.4165758732407	12.9645347749455	13.4165758732407	12.9505157281830	12.7616798659804	12.8522128969849	12.5341662863653	12.8413694334249	12.7616798659804	13.2963965926551	13.2963965926551	12.8630563605449	12.8630563605449	13.3150974588401	12.5095076157152	12.3284415537064	12.3284415537064	12.3284415537064	12.5095076157152	12.5095076157152	12.5095076157152	12.7061132781115
hsa-let-7b	12.3284415537064	12.3284415537064	12.3284415537064	12.1737844707626	12.0055294466788	12.5095076157152	12.0055294466788	12.3284415537064	12.1667967372158	12.2509242492577	12.0826692251739	12.0023786058666	11.9228553651062	11.5518684725896	12.4063487107484	12.2516916278046	12.5858800156634	11.7282115310689	12.4048139536546	11.6518391311207	11.8449482080642	11.6518391311207	11.8449482080642	12.0055294466788	11.8449482080642	11.8449482080642	11.6518391311207
hsa-let-7b*	4.37107350482274	3.7057208578343	3.54106588739388	3.29048985037362	3.7057208578343	3.17255614825692	3.67439914724941	4.08702803004491	3.8269221256497	4.11439997416399	3.82779344924532	3.58301409317328	3.31937530221813	3.4543048203435	3.18191345959592	5.03161961615646	3.26935632418924	4.01623427000478	3.35372759655262	3.38781515866315	4.08702803004491	3.74428151172156	3.48758823913778	3.81923514937574	3.38781515866315	3.76488592622419	3.48758823913778
hsa-let-7c	11.4747286940945	11.6518391311207	11.4747286940945	10.7826490639300	10.7826490639300	10.7136282621944	10.6121213556497	11.0836872820796	11.2793182203019	11.5632762864702	11.3678734388149	10.6595758184117	10.8277373033382	10.7385879242088	10.8277373033382	10.8277373033382	11.8723189278282	10.4789108367991	10.4789108367991	11.4747286940945	11.4747286940945	11.4747286940945	10.9674844946666	10.9674844946666	10.8716524737887	10.8716524737887	10.9674844946666
hsa-let-7d	9.45222684870884	9.57536605592213	9.40765243468772	9.57536605592213	9.6182239120793	9.78382784207573	9.78382784207573	9.91904294118385	9.77765585125436	9.77765585125436	9.9655046161348	9.609083692296	10.0804615081067	9.85481443192323	10.0804615081067	10.3001711559627	9.9728442410015	9.61006529351016	9.51056089817811	9.84486221513038	9.98953360796039	9.57536605592213	9.78382784207573	10.0376493987455	10.1387525890398	10.0376493987455	10.0376493987455
hsa-let-7e	10.6121213556497	10.9674844946666	10.6121213556497	10.2752638294529	10.6121213556497	10.9674844946666	10.3834233677284	10.7826490639300	10.7519531857166	10.8409565955752	10.9948900101597	10.2020459825780	10.6229669268753	10.3516518360669	10.5002771703334	10.6229669268753	11.5796018034682	10.3111860400759	9.64166421307296	10.7136282621944	10.8716524737887	10.7136282621944	10.4894315991078	10.7136282621944	10.7826490639300	10.6121213556497	10.7826490639300
hsa-let-7f	11.8449482080642	11.8449482080642	12.0055294466788	11.4747286940945	11.8449482080642	12.0055294466788	11.6518391311207	11.8449482080642	11.6507402768025	11.9161406530946	12.0775967066085	11.4473381091886	11.8416424134229	11.5438926476604	12.0347514903664	11.6645319763967	11.9657848399066	11.2667290632385	11.4438395002647	11.8449482080642	11.6518391311207	11.8449482080642	12.0055294466788	11.6518391311207	11.6518391311207	11.6518391311207	11.4747286940945
hsa-let-7g	10.7136282621944	10.7136282621944	10.7826490639300	10.4894315991078	10.4894315991078	11.0836872820796	10.7826490639300	10.9674844946666	10.9483846416904	11.0099003409066	11.1023180562749	10.4016175450993	10.8662911688602	11.0442166625684	10.9353119705958	11.2363501887455	11.8457496372019	10.9682859238043	10.7834504930677	10.7826490639300	10.9674844946666	10.8716524737887	10.8716524737887	10.8716524737887	10.9674844946666	10.9674844946666	11.0836872820796
hsa-let-7i	10.9674844946666	11.4747286940945	10.8716524737887	9.98953360796039	10.2752638294529	10.1902198921300	10.1902198921300	10.1902198921300	10.5443633404326	10.6564616719759	10.7762359269839	9.80793189165692	9.79268549411243	9.94787513762598	9.99839125999709	10.1990775441667	11.2393495098812	10.8499685478597	9.89735901525488	10.6121213556497	10.4894315991078	10.4894315991078	9.91904294118385	9.84486221513038	9.78382784207573	9.78382784207573	10.1387525890398
hsa-mir-1	2.27644799855222	3.43874188293354	3.17255614825692	3.74428151172156	4.42723660387698	5.77196805471535	5.08300176727445	4.74071260343848	4.07876051757574	3.48537775579940	4.32705224491275	4.81429036329544	6.56160894928303	5.9876735616851	6.53528458286988	4.982539788413	4.06823148500197	4.18239768819209	4.97493388600828	4.54140280706711	4.58754481990030	4.54140280706711	5.08300176727445	4.94674206044823	5.28565647074551	4.45663988006159	5.57824426613252
hsa-mir-100	9.91904294118385	9.13477331878967	8.59266044530403	8.76613998192569	8.20850568661231	8.88469808542139	9.10054686598524	9.1922435233338	8.65319372292192	8.94792102176989	8.38442425234224	8.1960549604599	8.52720323831198	8.92519135222445	9.03421660036766	8.69988583113044	9.04724680141759	7.62441365595173	9.56492384751165	7.81530922653483	7.74328218850923	7.92381680303189	7.9927710313129	7.74328218850923	7.92381680303189	8.15594279113074	8.3326869020374
hsa-mir-101	8.68943444166137	7.81530922653483	7.57500923439739	7.74328218850923	7.74328218850923	8.15594279113074	8.25504228951731	7.9927710313129	7.86654852570455	8.03297543550562	7.81503015033696	7.53900103786714	8.0585048132005	8.36502532186115	8.14178608036386	8.14178608036386	8.28483965345655	7.56174450823609	8.67616971550007	7.61556489252915	7.43749725488726	7.78702979445573	7.96320456850376	7.9927710313129	8.02630055800953	8.05881495453326	8.29810437961785
hsa-mir-103	10.1902198921300	11.0836872820796	11.2610334358102	11.0836872820796	11.0836872820796	11.2610334358102	10.9674844946666	10.8716524737887	10.9025143171799	11.2448094937591	11.3333647122722	10.7485809025954	10.8239819420153	10.7040791976661	10.8239819420153	10.8239819420153	10.9810466923444	10.6109876724591	9.88689301822517	10.9674844946666	11.2610334358102	11.2610334358102	10.7826490639300	10.7826490639300	10.7136282621944	10.7136282621944	10.7136282621944
hsa-mir-106b	9.78382784207573	8.76613998192569	8.15594279113074	7.92381680303189	7.50684661633316	7.70682282906525	7.78702979445573	7.57500923439739	8.18346155067469	8.6451343429901	7.85776491081131	7.23699570220916	7.34021262438497	7.53393999574968	7.38087097228011	6.97492324452498	8.7491652631543	7.68084813064695	8.27025284417512	7.78702979445573	7.70682282906525	7.8799233013404	7.61556489252915	7.61556489252915	7.57500923439739	7.50684661633316	7.57500923439739
hsa-mir-107	10.1387525890398	10.8716524737887	10.9674844946666	10.8716524737887	10.8716524737887	10.6121213556497	10.4894315991078	10.6121213556497	10.9430212106858	11.0316942875511	11.3921640164071	10.6148205321025	10.7809821287185	10.4152076840016	10.6104544204381	10.7119613269828	11.3112662739313	10.9202248619164	9.62036542191254	11.0836872820796	11.0836872820796	11.0836872820796	10.6121213556497	10.6121213556497	10.6121213556497	10.4894315991078	10.6121213556497
hsa-mir-1185	3.81923514937574	3.25035331604094	2.67611378989123	3.88141714722611	3.85346837942231	4.02668022470829	3.93487415383306	3.96977593811295	4.06225246023471	3.9352162805022	4.42719165015202	3.68822518548552	4.30869535635625	4.54433375141429	3.92992444442293	3.73933180231143	4.0848601661105	3.78835424036962	3.44652592654811	4.69223796038481	4.39981519927033	4.39981519927033	3.99723126185648	3.67439914724941	3.88141714722611	2.27644799855222	3.74428151172156
hsa-mir-1202	9.10054686598524	7.96320456850376	8.64318904452396	8.43668044908443	8.02630055800953	8.81159932101658	9.04018396155284	8.40879106689276	9.20665217231672	8.23620508764859	8.30604235991599	12.0748356612443	9.0941585609981	9.32140972400091	10.1927271884851	9.9730175406291	8.56533908907383	12.7756251118928	9.98257177612585	7.70682282906525	7.92381680303189	7.648063868121	8.18787906220096	8.02630055800953	7.9927710313129	8.02630055800953	7.92381680303189
hsa-mir-1224-3p	3.78549034072681	2.94396508404534	4.02668022470829	1.8353217657761	4.48290962805881	2.67611378989123	2.47488782353011	4.96992422349465	3.39421802415481	3.45365522539325	3.81461403621238	3.32272061700721	3.86021028486978	2.9576636550237	3.24583422438740	6.63125512599721	2.60286775786701	4.93529767252044	3.02777602348333	2.27644799855222	2.94396508404534	3.48758823913778	2.80572549049983	3.02302088965140	1.8353217657761	3.38781515866315	3.54106588739388
hsa-mir-1225-3p	5.08300176727445	4.66191604691883	4.31364506576638	4.34336264279165	4.15057501731851	4.15057501731851	4.21569286045835	4.21569286045835	4.2284234116151	4.51803460189188	4.14426190238183	4.70408977691809	4.07680127518456	4.19186421977465	3.73454468368018	4.74451476609558	4.18553884762569	4.78703132845839	4.00984255823388	4.48290962805881	4.66191604691883	4.34336264279165	4.26628186385383	4.56292017683906	4.54140280706711	4.31364506576638	4.11438328855721
hsa-mir-1225-5p	6.92763950398569	5.10005947260148	5.79617539268005	6.19363956160187	6.04159611574661	6.78717264402033	6.89732813287468	6.72392563896163	8.1952732432974	7.04649691475966	7.30602316267474	11.2798608245500	8.82172916955636	7.39729502510946	8.09780685379447	9.2344096478243	8.32273286205608	11.3985590969208	8.35919222150006	6.54114001760692	6.13760332956926	5.50760956121269	6.06153469150105	6.62860136151464	6.27591330719242	6.24944313331877	6.11032834869765
hsa-mir-124	13.9397149059296	13.9397149059296	13.4165758732407	13.9397149059296	13.9397149059296	13.9397149059296	13.9397149059296	13.9397149059296	13.4537156836834	13.9768547163722	13.9768547163722	13.7152852000278	14.0291686196411	13.4537156836834	14.0291686196411	14.0291686196411	13.9245408131033	13.9245408131033	12.9493606821193	13.4165758732407	13.4165758732407	13.4165758732407	13.4165758732407	12.9645347749455	12.9645347749455	13.4165758732407	13.4165758732407
hsa-mir-124*	5.42112233812151	3.81923514937574	1.8353217657761	2.80572549049983	3.33472458840433	3.38781515866315	3.33472458840433	2.80572549049983	4.38326858699723	4.72996133820578	4.18866786986868	3.01754467080958	3.22536327902055	4.55846939921866	3.0724996282871	2.98812835592372	4.89590280881778	3.56217238651336	2.88126015534797	3.88141714722611	2.80572549049983	3.88141714722611	3.02302088965140	3.85346837942231	3.02302088965140	3.25035331604094	3.7057208578343
hsa-mir-1249	5.47948441486613	5.37717125376114	4.88812582476522	5.21233057807997	4.74071260343848	4.94674206044823	5.10005947260148	5.23741805769576	5.00554869316196	5.29350406529989	5.30939088963452	6.04467509516984	5.08131481438788	4.90390199530287	5.17241787680127	5.56218109203714	5.06601459508047	5.7748731345637	5.52552650782382	5.18719880172673	5.39939977683795	5.08300176727445	5.23741805769576	5.60047831189381	5.26211376805286	4.93167626719038	4.96992422349465
hsa-mir-125a-3p	5.18719880172673	5.4449833933731	5.86165751658409	4.77935580158224	3.99723126185648	5.12435337097261	4.75713795018157	4.88812582476522	4.32647627663569	4.48887787284608	4.23834209940870	6.35336769466933	4.00122959789558	2.99161879558533	4.91957948454785	3.85068880915837	4.99782290783648	5.8681005354165	4.88981191829442	2.80572549049983	2.67611378989123	2.80572549049983	3.38781515866315	3.7057208578343	3.48758823913778	3.33472458840433	3.02302088965140
hsa-mir-125a-5p	9.1922435233338	9.10054686598524	8.51668726317513	8.25504228951731	8.64318904452396	8.3326869020374	8.05881495453326	7.78702979445573	8.53630120024497	8.84571040711995	8.32703667908626	7.98468330303687	8.08327173317336	7.8646228846991	7.96292834819277	7.99292157744853	8.75781931361286	7.97455642149675	7.42258808329665	8.02630055800953	8.51668726317513	8.11815553088747	7.92381680303189	8.15594279113074	8.18787906220096	8.08816230163172	8.08816230163172
hsa-mir-125b	13.4165758732407	12.7061132781115	12.7061132781115	12.3284415537064	12.3284415537064	12.7061132781115	12.7061132781115	12.5095076157152	12.4559677328144	12.5542705640125	12.6525733952106	12.36543470181	12.3465140139876	12.3022814794943	12.7241857383927	12.5275800759964	12.5809610520286	11.8803772205959	11.8803772205959	12.3284415537064	12.1737844707626	12.5095076157152	12.1737844707626	12.1737844707626	12.3284415537064	12.3284415537064	12.1737844707626
hsa-mir-125b-2*	6.38302643866359	5.62203280019586	4.84597774961407	4.88812582476522	4.56292017683906	5.00854370454466	5.06670156898951	5.06670156898951	5.19071352437673	5.58791562511425	4.92751846104456	4.73091469602625	4.90749733874905	5.07901688436312	4.90749733874905	4.59948916217323	5.76193745116491	4.79024266818136	5.07297116372401	4.96992422349465	4.74071260343848	4.82317482184723	5.06670156898951	4.99053275600139	5.18719880172673	5.21233057807997	4.93167626719038
hsa-mir-126	7.96320456850376	9.49410757800238	8.72428787418296	9.2547583249173	9.40765243468772	9.57536605592213	9.6182239120793	9.40765243468772	9.60631655212392	9.3463311506288	9.51705989073094	9.39523974109411	9.57535555136189	9.45319199910505	9.61533338934452	9.53407491142477	9.45876423009999	8.64953815610355	9.3356250228867	9.71390154072545	9.5353882179395	9.5353882179395	9.57536605592213	9.6182239120793	9.40765243468772	9.40765243468772	9.71390154072545
hsa-mir-127-3p	6.27591330719242	6.60010434074681	6.38302643866359	6.96416845970472	7.18875970673607	7.39683890699212	7.43749725488726	7.50684661633316	7.48920482616855	7.2676334376366	7.28107266151363	7.20382418670168	7.54072457664584	7.4958318694002	7.57718393608982	7.48196561570159	7.22617709254441	7.00202797667807	6.7658139111169	7.18875970673607	7.15593251569189	6.96416845970472	7.15593251569189	7.12147724874101	7.2350097062328	7.18875970673607	7.3270178591994
hsa-mir-1271	6.21919891075016	5.06670156898951	4.28830382407024	3.78549034072681	3.48758823913778	3.48758823913778	3.78549034072681	3.74428151172156	4.8896393274625	5.10348402211468	3.98012790849242	3.09919436375062	3.91511444173309	4.01354496694312	4.1795872161447	4.78275871678397	5.00193263961073	4.14274936433519	5.55911849620901	4.15057501731851	4.02668022470829	4.75713795018157	4.45663988006159	4.54140280706711	4.28830382407024	4.69223796038481	4.42723660387698
hsa-mir-128	12.0055294466788	12.1737844707626	12.1737844707626	11.8449482080642	12.1737844707626	11.6518391311207	10.8716524737887	10.7136282621944	11.9914614405894	11.8300053870755	12.1558795719386	11.7334508486038	11.9624905403470	10.6183948218984	11.0406483757479	11.2179945294785	12.1810135794463	12.0263564965024	10.0427919178699	12.1737844707626	12.0055294466788	12.0055294466788	11.6518391311207	11.8449482080642	11.0836872820796	11.0836872820796	10.8716524737887
hsa-mir-129*	7.03154952713213	8.88469808542139	8.3326869020374	8.48588112128227	8.51668726317513	8.64318904452396	8.43668044908443	7.67771372051938	8.73498233234992	9.09631813029999	9.07468959787026	8.2826704379869	8.12063025088188	8.04447411784596	7.81267449002131	7.77457031946008	8.89935488055878	9.06875571619462	7.32267624975413	9.1922435233338	9.10054686598524	9.1922435233338	8.3326869020374	8.59266044530403	8.20850568661231	8.11815553088747	8.15594279113074
hsa-mir-129-3p	9.04018396155284	9.40765243468772	8.84207784664937	9.1922435233338	9.78382784207573	10.1387525890398	9.84486221513038	9.84486221513038	9.44752478942792	10.0366578997189	9.4512353496822	9.2225094250989	10.0261281011040	9.77839037890127	9.66334915361268	10.4779103014663	9.79336614166393	8.65272734411216	8.89423638500958	9.6182239120793	9.67487045125417	9.6182239120793	10.0376493987455	10.1902198921300	10.3834233677284	10.3834233677284	10.4894315991078
hsa-mir-129-5p	7.12147724874101	8.43668044908443	7.92381680303189	8.3326869020374	8.40879106689276	8.55036731618417	8.68943444166137	8.29810437961785	8.28485434020873	8.49234897844862	8.17730015483232	8.06769557078038	8.0977479126763	8.09270251124974	8.17385207753164	8.35772145594292	7.9212738507703	8.1976102508786	7.34580216386415	8.55036731618417	8.59266044530403	8.43668044908443	8.11815553088747	8.51668726317513	8.11815553088747	8.20850568661231	8.40879106689276
hsa-mir-130a	10.7826490639300	10.4894315991078	9.6182239120793	8.81159932101658	9.04018396155284	8.76613998192569	8.72428787418296	8.68943444166137	10.0316276843534	10.0316276843534	9.54775051496254	8.50574698148412	8.58217387453418	8.3324131132416	8.45922293713245	8.0710761821258	9.97195764664545	9.39996166659472	8.03678004403273	9.98953360796039	9.91904294118385	9.67487045125417	8.88469808542139	8.9447001045492	8.98802427214458	8.98802427214458	8.88469808542139
hsa-mir-130b	9.2547583249173	7.18875970673607	6.54114001760692	5.77196805471535	5.52669862643812	5.37717125376114	5.00854370454466	5.02511743407426	5.81071726843484	6.12548057133711	5.09903504465922	5.32632035585118	4.80512143672304	4.23598932644108	5.42693000824891	4.00862683958409	5.88973190763755	5.45525181895059	5.99310122060599	6.24944313331877	5.96134235366922	6.08303892045797	4.39981519927033	4.08702803004491	4.51197665366644	4.63394589234352	4.45663988006159
hsa-mir-133b	4.11438328855721	3.74428151172156	3.7057208578343	4.51197665366644	4.37107350482274	5.28565647074551	5.30548966235742	4.82317482184723	3.89857192040737	3.92701089933529	4.19036719577367	4.85966455936313	5.40892423795464	5.44089770036986	5.52266754404709	4.43691283297552	4.07335744431821	4.01100033629479	4.92210393207579	4.11438328855721	4.31364506576638	4.21569286045835	4.58754481990030	5.06670156898951	5.04329245529553	4.56292017683906	5.18719880172673
hsa-mir-136	6.89732813287468	7.3270178591994	7.18875970673607	7.39683890699212	7.70682282906525	7.96320456850376	7.61556489252915	7.39683890699212	7.1848904125701	7.08490230620405	7.56483182771711	7.28177448681024	7.35890489354157	8.2198564735849	7.01246161202445	6.67867140356528	7.3181765375707	7.11471635847003	6.91089209405348	6.92763950398569	7.36498190866277	7.39683890699212	7.09401686031934	7.03154952713213	7.09401686031934	6.96416845970472	7.03154952713213
hsa-mir-136*	4.42723660387698	4.75713795018157	4.63394589234352	4.75713795018157	5.14053381552198	5.5548362890973	5.3339390048833	4.94674206044823	4.98754479297872	4.69671957466399	4.97292051471546	4.99782778671983	5.36471655997049	5.31357888956197	4.83352305582342	4.67978326659416	5.11813522408802	4.94975201867691	5.06136820678207	4.21569286045835	4.06019344538001	4.51197665366644	4.54140280706711	3.96977593811295	4.15057501731851	4.48290962805881	4.08702803004491
hsa-mir-137	10.0376493987455	10.0376493987455	9.30227677016279	9.10054686598524	9.49410757800238	8.98802427214458	8.9447001045492	8.81159932101658	10.2580502353709	10.2403029792094	9.94508060537368	8.72168881308811	9.33088438683905	8.38217137811184	8.7653097988007	9.11547547548512	10.4026486264603	8.92530058960035	8.2272077198951	10.0376493987455	9.71390154072545	10.2752638294529	9.6182239120793	9.30227677016279	9.2547583249173	9.30227677016279	9.1922435233338
hsa-mir-138	5.4449833933731	6.24944313331877	6.08303892045797	6.29796767608544	6.32730168086776	6.29796767608544	6.4086434191552	5.99040409633163	6.34801022243508	6.44761010348052	6.26547614380238	6.06982134248555	6.24225712469245	6.14552478880905	6.08305683885602	5.74757820909035	6.23730678923697	5.97872729856609	5.60286236142761	6.52131497380172	6.72392563896163	6.89732813287468	6.6611140673135	6.54114001760692	6.68844426225521	6.60010434074681	6.60010434074681
hsa-mir-138-2*	3.54106588739388	3.10102205550755	2.27644799855222	3.10102205550755	1.8353217657761	2.27644799855222	2.94396508404534	2.47488782353011	2.75096721174796	3.70444942462261	2.76541351245378	2.92634782423127	3.10788087152411	2.56491866323206	2.7082150801851	2.7082150801851	3.35774896940833	2.74481477693844	3.0598468678193	3.25035331604094	3.78549034072681	3.54106588739388	3.93487415383306	1.8353217657761	3.29048985037362	2.47488782353011	2.80572549049983
hsa-mir-139-3p	4.51197665366644	5.08300176727445	4.56292017683906	4.94674206044823	4.88812582476522	4.71516383230518	4.56292017683906	4.37107350482274	5.26751230598554	5.26899936983217	4.77948922244843	5.02784194957707	5.39084367237557	5.10931330120379	5.00892221391353	5.39084367237557	5.07771427751673	4.80988317641055	4.82630852315364	5.37717125376114	5.46492322573649	5.28565647074551	5.42112233812151	5.71496340040857	5.4449833933731	5.52669862643812	5.30548966235742
hsa-mir-139-5p	6.96416845970472	8.05881495453326	7.96320456850376	7.9927710313129	8.3326869020374	8.25504228951731	8.08816230163172	8.15594279113074	7.74999690769948	7.86489274301399	7.87031749963601	8.27859334249075	8.26929403638267	8.12927095169643	8.23818769285562	8.19318987152732	8.20241830926274	7.27013461157255	7.99142697778804	7.92381680303189	8.05881495453326	8.3326869020374	8.40879106689276	8.29810437961785	8.51668726317513	8.55036731618417	8.25504228951731
hsa-mir-140-3p	6.60010434074681	6.06153469150105	6.27591330719242	7.12147724874101	6.54114001760692	7.0023443202061	7.29652587244388	7.15593251569189	5.96126236825075	6.19712865785656	6.02450025202481	6.57000298177755	6.57334773498641	6.92644520642896	6.8636139594489	6.8003669543902	6.37824889016962	5.75952829131327	7.52403188808222	6.49690641955783	6.32730168086776	6.49690641955783	7.0023443202061	7.09401686031934	7.03154952713213	7.06304869853295	7.15593251569189
hsa-mir-140-5p	8.18787906220096	7.29652587244388	7.39683890699212	7.78702979445573	7.67771372051938	8.02630055800953	7.96320456850376	8.18787906220096	7.18900571126197	7.47265833234579	7.13422777562188	7.1321901777999	7.55692417025351	7.76254892364476	7.79714063588563	7.8262497444315	7.28855114623664	6.40066869294797	8.05084022832602	7.50684661633316	7.3270178591994	7.26634744387302	7.3270178591994	7.57500923439739	7.78702979445573	7.70682282906525	7.96320456850376
hsa-mir-142-3p	3.93487415383306	4.94674206044823	5.69345244942725	5.5548362890973	4.75713795018157	4.54140280706711	4.51197665366644	4.75713795018157	4.33172330287112	3.57790819999363	4.10166699787031	5.26140765831423	5.40777207761352	5.77280982498298	5.2480877158542	3.78060989870342	4.54083753576634	4.37050823352196	6.21863363944939	4.94674206044823	4.21569286045835	4.61351810358051	4.82317482184723	4.15057501731851	3.90416181035184	3.96977593811295	4.61351810358051
hsa-mir-143	2.94396508404534	3.67439914724941	3.10102205550755	3.43874188293354	2.94396508404534	4.24390222833724	3.62794762429143	4.34336264279165	3.32328650317625	3.37317304341357	3.27119874528989	3.78923400133846	3.99380739634303	4.10263280289073	3.80251987125872	3.4650620973409	3.65362282266958	2.22434883584785	3.6843351661508	3.96977593811295	3.5889956050107	4.08702803004491	4.75713795018157	3.10102205550755	4.02668022470829	3.43874188293354	4.28830382407024
hsa-mir-144	4.02668022470829	5.74298004570212	6.24944313331877	6.4086434191552	3.29048985037362	5.86165751658409	2.67611378989123	4.61351810358051	6.00171504755247	4.42739754582063	4.94157925992351	5.68224122555035	5.10307087443841	5.4772860197709	5.45170270061086	3.57409671093522	5.31811741459944	4.75385756334168	4.56388511130728	7.06304869853295	4.96992422349465	6.68844426225521	3.5889956050107	2.47488782353011	3.85346837942231	3.48758823913778	3.93487415383306
hsa-mir-145	3.90416181035184	4.93167626719038	4.86369875190752	4.90641706547489	4.80027327173179	5.9139645035531	5.62203280019586	5.6671280830141	5.11059707517269	4.54604395425364	4.91473194800693	5.89047467742606	5.94812703784013	6.216740580666	5.75004764292026	5.28370217585466	4.93240021791895	4.41206410880309	5.48982380413294	5.52669862643812	5.52669862643812	6.27591330719242	6.78717264402033	6.21919891075016	6.35843906046705	6.06153469150105	6.38302643866359
hsa-mir-146a	3.62794762429143	3.93487415383306	4.37107350482274	4.11438328855721	4.21569286045835	3.85346837942231	3.7057208578343	3.5889956050107	3.65090490152441	3.42400907085043	3.48626828890431	4.46330431793458	3.84544605109243	3.62887297100942	3.84544605109243	3.48897969803402	3.65957937628407	3.70078820528932	3.97549130994253	4.06019344538001	3.88141714722611	3.85346837942231	4.66191604691883	4.74071260343848	4.66191604691883	4.54140280706711	4.71516383230518
hsa-mir-148a	6.54114001760692	6.75692162836903	5.5548362890973	5.00854370454466	4.54140280706711	4.39981519927033	3.96977593811295	4.24390222833724	6.42857316548563	6.40132577362762	5.93691186802146	4.08582910917554	4.51156160747932	4.07991681633709	4.79985822554467	3.62753257810431	6.20208367509486	5.90078399444798	3.86178613765046	6.68844426225521	6.35843906046705	6.78717264402033	5.14053381552198	4.88812582476522	4.77935580158224	4.66191604691883	6.08303892045797
hsa-mir-148b	6.29796767608544	5.99040409633163	5.62203280019586	5.69345244942725	5.47948441486613	5.71496340040857	5.74298004570212	5.4449833933731	5.92357375822557	5.92491975808356	6.08956478073446	5.75571363951529	6.1060550546067	6.06897014790833	5.83061435868364	5.71612927016888	6.3645179571941	5.84762700123296	6.42255082998606	5.69345244942725	5.86165751658409	6.13760332956926	6.29796767608544	5.81697166618394	6.16836192453346	6.16836192453346	5.99040409633163
hsa-mir-149	9.30227677016279	8.51668726317513	7.9927710313129	8.29810437961785	8.29810437961785	8.29810437961785	8.48588112128227	8.43668044908443	8.53280456812792	8.85198789163628	8.33538828678263	7.9026122639167	8.38417686923956	8.37366091898655	8.30820368711065	8.4809508655969	8.73367421654863	8.020937072585	7.92804356570033	8.98802427214458	9.1922435233338	9.04018396155284	8.98802427214458	9.1922435233338	9.30227677016279	9.36164435896964	9.49410757800238
hsa-mir-150	4.58754481990030	5.42112233812151	5.14053381552198	5.52669862643812	5.5548362890973	5.74298004570212	5.6671280830141	5.47948441486613	5.26817689462619	4.97751335894879	5.31596848954409	5.64160220494673	5.75910324850552	5.91177941061802	6.35226449821358	5.713461225709	5.38106076109228	5.01704597970363	5.96108625976208	6.04159611574661	5.71496340040857	6.29796767608544	5.81697166618394	6.13760332956926	6.19363956160187	5.46492322573649	6.57371157642061
hsa-mir-151-3p	5.79617539268005	5.23741805769576	5.9139645035531	6.01733381652154	5.12435337097261	5.60047831189381	6.08303892045797	5.81697166618394	4.86468356962353	4.72026063676874	4.64530237875058	4.64530237875058	4.9230326091312	5.4806970068989	5.42824899975683	4.94593415924665	4.89144396954247	4.78675082905796	6.8278073706723	4.71516383230518	4.80027327173179	4.77935580158224	5.52669862643812	5.26211376805286	5.46492322573649	5.62203280019586	5.16822806630398
hsa-mir-151-5p	8.48588112128227	7.8799233013404	8.88469808542139	9.40765243468772	8.84207784664937	9.1922435233338	9.36164435896964	9.49410757800238	7.76274030517388	7.68522152675514	7.9916848212574	8.1973511721685	8.67318759933653	9.44086476546074	9.22453142239668	9.1812072548013	8.0135297589531	7.63571778730553	10.0430827475487	7.74328218850923	8.08816230163172	7.84181913077917	8.55036731618417	8.3776847233657	8.84207784664937	8.84207784664937	8.84207784664937
hsa-mir-153	8.55036731618417	8.18787906220096	7.47518803514822	7.61556489252915	7.92381680303189	7.84181913077917	7.50684661633316	7.47518803514822	8.25234779755616	8.2666348214494	7.84547697477827	7.62010252702127	8.03517459143308	7.59270785885955	7.57881663926247	7.33831746680233	8.47697387814764	7.99604512309858	6.94347195217816	7.9927710313129	7.84181913077917	8.08816230163172	7.84181913077917	7.50684661633316	7.74328218850923	7.74328218850923	7.53887646384779
hsa-mir-154	4.08702803004491	4.34336264279165	4.26628186385383	4.58754481990030	4.84597774961407	4.88812582476522	4.90641706547489	4.90641706547489	4.04045003041552	3.74915854729755	3.88236804290407	4.23260371545082	4.21623073789033	4.45663854551404	4.21623073789033	3.85400625685429	4.22226087906037	3.88798516582812	4.09359604864693	5.10005947260148	4.88812582476522	5.14053381552198	5.46492322573649	5.12435337097261	4.94674206044823	5.23741805769576	5.39939977683795
hsa-mir-154*	4.63394589234352	4.61351810358051	5.00854370454466	5.16822806630398	6.06153469150105	6.06153469150105	5.69345244942725	5.60047831189381	4.10278357446913	4.20582778370604	3.79588826243248	3.77533026280587	4.06125133721237	4.84001988336194	4.52142802355644	3.91350381562436	4.43440112086944	3.5978503277828	3.54715689685327	5.86165751658409	5.64146887938306	5.60047831189381	5.77196805471535	5.52669862643812	5.50760956121269	5.60047831189381	5.42112233812151
hsa-mir-15a	9.84486221513038	8.9447001045492	8.68943444166137	8.9447001045492	8.48588112128227	8.84207784664937	8.88469808542139	8.88469808542139	8.39803070084774	8.59729656699157	8.5052963864227	8.35686448230093	8.67519060513132	9.15124791748318	8.75116378726023	8.56729440884895	8.91373531721684	8.34671993603335	9.37668764735537	8.18787906220096	8.15594279113074	8.20850568661231	8.43668044908443	8.08816230163172	8.43668044908443	8.29810437961785	8.55036731618417
hsa-mir-15b	9.5353882179395	8.98802427214458	8.76613998192569	8.11815553088747	7.57500923439739	7.8799233013404	7.53887646384779	7.92381680303189	8.2926331871836	8.35885193086823	8.07011721705438	7.29364584704406	7.16481484518758	7.95607266355448	7.88879594111036	7.19578300697397	8.62727490233436	7.58439594769214	8.2592640800881	8.3776847233657	8.11815553088747	8.29810437961785	7.78702979445573	7.39683890699212	7.50684661633316	7.61556489252915	7.81530922653483
hsa-mir-16	10.3834233677284	10.1902198921300	10.4894315991078	10.1387525890398	9.98953360796039	10.2752638294529	10.0376493987455	10.2752638294529	9.78321574965492	9.89311273101645	9.74270321646418	9.85909032200306	9.88042503385635	10.1407835885619	10.2432039813477	10.0504167977326	10.0864789865613	9.93726000548182	10.3311497652498	9.2547583249173	9.30227677016279	9.49410757800238	9.49410757800238	9.49410757800238	9.57536605592213	9.71390154072545	9.84486221513038
hsa-mir-181a	11.0836872820796	10.6121213556497	10.3834233677284	10.3834233677284	10.1902198921300	9.71390154072545	10.1387525890398	9.71390154072545	10.1313492371126	10.3829739888389	10.5939247205987	9.77036382278164	10.08295132514	9.61995430822937	9.7280265781759	9.65810027682561	10.6315293494476	10.3323176424698	10.8557260125341	10.4894315991078	10.3834233677284	10.3834233677284	9.84486221513038	10.2752638294529	9.98953360796039	10.1387525890398	9.6182239120793
hsa-mir-181a*	7.9927710313129	7.0023443202061	5.84351672082674	5.64146887938306	5.30548966235742	4.96992422349465	4.71516383230518	4.66191604691883	6.04793993542802	6.4381975481258	5.7656517668102	4.89547473286702	4.93644322900242	5.47097902957269	4.85538231332534	3.9961990380498	6.87225684503773	5.34831687911829	5.55567071831417	5.99040409633163	5.9414311050189	5.81697166618394	5.04329245529553	5.37717125376114	5.00854370454466	4.84597774961407	4.56292017683906
hsa-mir-181b	8.43668044908443	7.92381680303189	7.8799233013404	8.08816230163172	7.648063868121	7.43749725488726	8.3326869020374	7.84181913077917	7.38931267901997	7.96089436501008	7.4246038984259	7.20491211233762	7.04804687609202	7.56262559901384	7.56959490830184	7.14278972250875	7.846794931724	7.70641807434307	9.21925431133942	7.53887646384779	7.648063868121	7.57500923439739	7.8799233013404	7.78702979445573	7.47518803514822	7.96320456850376	7.36498190866277
hsa-mir-181c	8.3326869020374	7.61556489252915	7.03154952713213	7.15593251569189	6.75692162836903	6.68844426225521	6.60010434074681	6.43909895206573	7.35151290555713	7.67702828534	7.21524839556975	6.52851293455125	6.4661069163892	6.26668165880077	6.5250712395291	6.06257022835154	8.17503044352948	7.03110324822814	5.92538246195004	7.57500923439739	7.57500923439739	7.61556489252915	7.29652587244388	7.26634744387302	6.92763950398569	6.92763950398569	6.82772526271559
hsa-mir-181c*	7.67771372051938	7.15593251569189	6.19363956160187	5.96134235366922	5.62203280019586	5.46492322573649	5.64146887938306	5.21233057807997	6.63102566182263	6.8344965941184	6.10807536517361	5.45940349054796	5.35268692768096	4.73518400255253	5.20315955500398	5.0634063589386	6.71213738344079	5.89325600954655	4.91836146278944	6.57371157642061	6.52131497380172	6.24944313331877	5.5548362890973	6.06153469150105	5.62203280019586	5.47948441486613	5.60047831189381
hsa-mir-181d	7.39683890699212	7.12147724874101	6.52131497380172	6.06153469150105	6.16836192453346	6.38302643866359	6.21919891075016	5.62203280019586	6.65512477962563	7.15757637320444	6.15560288518629	5.55846743114899	5.36028943562328	4.46899096680534	5.06800382248389	4.76893084552237	6.56116665708326	6.34770558948355	5.12721084352918	7.29652587244388	7.03154952713213	6.92763950398569	6.4086434191552	6.57371157642061	6.13760332956926	6.01733381652154	5.6671280830141
hsa-mir-1825	5.86165751658409	5.46492322573649	5.6671280830141	4.74071260343848	6.35843906046705	4.74071260343848	4.86369875190752	7.26634744387302	5.64788437403065	5.50386260489695	5.86354513290792	5.43275783862839	4.91413429329655	4.77367823264659	4.65963019323313	8.05555453448004	4.17041763270747	6.30547747746903	4.74827230453507	5.4449833933731	6.01733381652154	6.57371157642061	5.96134235366922	6.04159611574661	5.79617539268005	6.19363956160187	6.01733381652154
hsa-mir-185	5.39939977683795	5.52669862643812	5.71496340040857	6.24944313331877	6.11032834869765	6.6611140673135	6.86047748964086	6.49690641955783	5.73731346603602	5.73731346603602	5.57839996273269	5.81707272693672	6.45925977678944	7.09224077912325	6.8122128260577	6.61819953312374	5.89261287289349	5.38113086906698	7.72370507483056	6.43909895206573	6.49690641955783	6.38302643866359	7.06304869853295	7.15593251569189	7.26634744387302	7.36498190866277	7.18875970673607
hsa-mir-191*	4.66191604691883	4.15057501731851	3.25035331604094	3.7057208578343	3.5889956050107	3.67439914724941	3.38781515866315	3.33472458840433	3.39133705184732	3.83057792272783	3.33990915018019	3.79025804016841	3.16478718587837	3.50410939653334	3.21271690349520	3.59349723659744	3.30369668877033	3.71941768205247	3.66849095778208	3.74428151172156	4.11438328855721	3.33472458840433	3.33472458840433	3.90416181035184	3.96977593811295	3.93487415383306	3.67439914724941
hsa-mir-1915	5.37717125376114	3.88141714722611	5.21233057807997	5.30548966235742	4.86369875190752	5.21233057807997	5.9139645035531	5.28565647074551	5.29748432956654	3.83972502451442	4.98980535638583	9.29289021152847	5.59112872612599	5.13994329751394	6.16347914927442	5.72438959888541	5.79733493985414	9.14445156027596	6.38150603976223	6.62860136151464	4.51197665366644	4.06019344538001	3.25035331604094	3.93487415383306	3.67439914724941	5.16822806630398	4.90641706547489
hsa-mir-193a-3p	3.10102205550755	3.33472458840433	4.06019344538001	3.67439914724941	3.02302088965140	3.54106588739388	3.88141714722611	3.88141714722611	3.59821710341661	2.98561167237048	2.91649187559772	4.00845580729162	4.06035971241968	4.53030085589272	4.00001190708306	3.90820583620783	3.54870337720905	1.94528326005161	4.85067409771399	4.31364506576638	3.99723126185648	4.26628186385383	4.80027327173179	4.24390222833724	5.14053381552198	4.94674206044823	5.12435337097261
hsa-mir-193b	5.28565647074551	5.5548362890973	5.35321683046624	4.99053275600139	5.06670156898951	4.77935580158224	5.39939977683795	5.39939977683795	5.60337967935111	5.77951424368966	5.45451065742995	5.34362849237512	5.6467885759318	5.73243874460993	5.6467885759318	5.21195457746267	5.86714462862929	5.69075599081665	5.8198033004826	4.88812582476522	5.37717125376114	4.28830382407024	4.24390222833724	5.39939977683795	5.21233057807997	5.12435337097261	5.02511743407426
hsa-mir-195	9.40765243468772	9.84486221513038	9.2547583249173	9.04018396155284	9.10054686598524	9.49410757800238	9.40765243468772	9.67487045125417	9.53681801719418	9.83290564068532	9.43739310613341	8.73592975805897	9.34243747544606	9.71958648915978	9.58178672853113	9.66304520645088	9.93897568159618	9.40166892234463	9.08421539242546	9.40765243468772	9.36164435896964	9.45222684870884	9.40765243468772	9.71390154072545	9.91904294118385	9.91904294118385	10.2752638294529
hsa-mir-197	7.26634744387302	7.43749725488726	7.648063868121	7.18875970673607	8.05881495453326	6.96416845970472	7.0023443202061	8.76613998192569	7.8202990062858	8.13871886656097	8.39035192324552	7.9611343378024	7.29297476527677	7.18269836077514	7.67591871343267	9.58926909829373	6.83629601988926	8.20992777044074	7.06977319380019	8.29810437961785	8.3776847233657	8.76613998192569	8.64318904452396	8.48588112128227	8.25504228951731	8.51668726317513	7.9927710313129
hsa-mir-199a-3p	5.77196805471535	5.71496340040857	5.16822806630398	4.66191604691883	4.34336264279165	5.14053381552198	4.37107350482274	5.12435337097261	5.46099420275845	4.65671601522631	4.74441245769681	4.99264204013885	4.64692478035932	4.88376480699226	5.79793244261486	5.18961239997699	4.25716068714129	3.88949665865160	4.64833222887203	6.27591330719242	6.04159611574661	6.4086434191552	5.84351672082674	5.47948441486613	5.77196805471535	5.39939977683795	6.78717264402033
hsa-mir-199a-5p	4.18410918001999	3.96977593811295	3.02302088965140	2.27644799855222	2.47488782353011	2.80572549049983	2.80572549049983	3.02302088965140	3.57943539142684	3.10218958845830	2.81560943937017	3.11826397340614	1.88847525523437	3.29416771594526	4.14018151950318	2.7292672793495	2.71248380452479	1.88790974756946	3.05020363195077	4.24390222833724	3.90416181035184	3.96977593811295	3.10102205550755	3.48758823913778	3.7057208578343	3.17255614825692	4.37107350482274
hsa-mir-19b	11.6518391311207	10.7826490639300	10.1387525890398	9.13477331878967	8.68943444166137	8.72428787418296	8.98802427214458	8.84207784664937	10.1892466086567	10.7044810130653	9.76011151550046	8.26710402611169	8.31705565566611	8.69052132634972	8.45612278114331	8.2525694607642	10.7166106161634	9.33906572037712	8.94550500835998	9.36164435896964	8.84207784664937	9.30227677016279	8.29810437961785	8.20850568661231	8.68943444166137	8.72428787418296	8.68943444166137
hsa-mir-204	7.53887646384779	6.89732813287468	6.60010434074681	7.36498190866277	7.3270178591994	7.67771372051938	7.47518803514822	7.03154952713213	6.41615945217475	6.37235418100779	6.68544427679764	6.48221188722516	6.54924039892924	7.40151746248548	7.09097412366047	6.30383873231994	6.97907285328212	6.83866634877647	7.14479341894039	6.19363956160187	6.46667629194717	6.35843906046705	6.57371157642061	6.75692162836903	6.82772526271559	6.72392563896163	7.12147724874101
hsa-mir-20b	8.11815553088747	6.86047748964086	6.72392563896163	6.21919891075016	5.84351672082674	5.9414311050189	5.84351672082674	5.74298004570212	6.35315317578659	6.46078943376337	5.88417152906189	5.2779977195093	5.45045542175935	4.77506816347073	5.37863018492891	4.83168024918123	6.42288871692745	5.44940785508081	5.77604057041885	5.26211376805286	5.28565647074551	5.21233057807997	4.86369875190752	4.11438328855721	4.37107350482274	4.42723660387698	4.58754481990030
hsa-mir-21	9.6182239120793	9.67487045125417	9.71390154072545	9.6182239120793	9.13477331878967	9.13477331878967	9.49410757800238	9.5353882179395	9.32133651523816	9.26707507658737	9.35177549440529	8.92347455939111	9.48544990730336	10.1803510275657	9.29361909946377	9.03152629085382	9.4830275195727	8.8736180269917	10.1276725306102	9.45222684870884	9.2547583249173	9.36164435896964	9.10054686598524	8.81159932101658	9.10054686598524	9.04018396155284	9.2547583249173
hsa-mir-210	6.82772526271559	6.4086434191552	5.28565647074551	5.3339390048833	4.51197665366644	5.08300176727445	5.79617539268005	5.26211376805286	6.48415093555142	6.494972281775	5.26847914878986	4.93172579717076	4.91604894515722	6.10712840979047	5.23711181067725	4.89899123983019	6.36781343029664	5.0287739508324	6.65264011719254	6.96416845970472	4.24390222833724	5.10005947260148	4.34336264279165	4.51197665366644	4.31364506576638	4.58754481990030	5.06670156898951
hsa-mir-218	7.43749725488726	8.59266044530403	8.20850568661231	8.72428787418296	8.98802427214458	8.48588112128227	8.40879106689276	8.3326869020374	9.15583433169138	9.07872860222535	8.80941553460097	8.663027091428	9.15430119280182	8.84475077764993	8.83112719502873	8.83112719502873	9.1474157112823	8.36182620429464	8.05364462773182	8.84207784664937	8.64318904452396	8.84207784664937	9.13477331878967	9.10054686598524	9.1922435233338	9.2547583249173	9.04018396155284
hsa-mir-219-2-3p	2.27644799855222	1.8353217657761	6.96416845970472	6.46667629194717	4.71516383230518	5.64146887938306	6.68844426225521	6.19363956160187	2.76942078895537	2.54885767256731	3.91895393094848	3.64625770857267	5.17188662967864	6.03136931010264	6.88932675501062	5.70734020292364	2.33440917801711	5.21425124454619	8.79719179185886	1.8353217657761	1.8353217657761	1.8353217657761	5.35321683046624	4.34336264279165	5.81697166618394	6.43909895206573	4.77935580158224
hsa-mir-219-5p	4.94674206044823	4.56292017683906	9.57536605592213	10.1902198921300	8.9447001045492	10.0376493987455	10.7136282621944	10.0376493987455	4.51831403665864	4.7110767621966	6.27051915718238	7.6931903540142	9.24721384123357	10.2605238114505	10.1413529849495	9.59229850613968	5.47244757851923	8.17587484555319	12.3842560957746	3.48758823913778	4.18410918001999	4.02668022470829	9.2547583249173	8.3326869020374	9.36164435896964	9.84486221513038	8.76613998192569
hsa-mir-221	6.57371157642061	7.26634744387302	7.2350097062328	7.81530922653483	7.8799233013404	7.53887646384779	7.18875970673607	7.09401686031934	7.31139120636106	7.25687244804796	7.27999744779632	7.72692795210903	7.58952921721336	7.26101542306464	7.30644725775512	7.26848320829176	7.41537683859685	7.25354763783753	7.05008745873686	8.25504228951731	8.20850568661231	8.40879106689276	8.3776847233657	7.92381680303189	7.96320456850376	7.81530922653483	7.84181913077917
hsa-mir-221*	4.77935580158224	4.77935580158224	4.51197665366644	4.84597774961407	4.82317482184723	4.51197665366644	4.24390222833724	3.99723126185648	4.89052860479344	4.8778990039357	4.43848490562299	4.0091337631404	4.44350724722594	4.2768826111322	4.58244002703268	4.37089628361405	5.30996318219943	4.34245542099974	3.82771002918978	4.93167626719038	4.84597774961407	4.80027327173179	4.77935580158224	4.58754481990030	4.84597774961407	4.74071260343848	4.63394589234352
hsa-mir-223	5.06670156898951	6.35843906046705	7.36498190866277	7.70682282906525	7.26634744387302	6.57371157642061	6.62860136151464	6.62860136151464	6.26927776237299	5.84951984815744	6.47478179616754	7.34780467148455	7.74602539568697	7.73570164493778	7.23500582024347	6.81197737814567	6.18814841047377	6.64838784745495	8.10794878757203	6.06153469150105	5.81697166618394	5.52669862643812	6.54114001760692	5.5548362890973	5.9139645035531	5.9139645035531	6.16836192453346
hsa-mir-23a	7.74328218850923	9.5353882179395	8.9447001045492	8.68943444166137	8.43668044908443	8.43668044908443	8.15594279113074	8.3776847233657	8.93278150484431	9.04653424009478	9.3306982374265	9.0762180344982	8.92316772681253	8.01416747730892	8.5243507626734	7.82549943584687	8.9423952828761	9.38298802000856	8.4508110086104	9.49410757800238	9.57536605592213	9.40765243468772	8.51668726317513	8.25504228951731	8.15594279113074	7.92381680303189	8.11815553088747
hsa-mir-23b	8.08816230163172	8.64318904452396	9.36164435896964	9.84486221513038	9.67487045125417	9.98953360796039	9.91904294118385	9.98953360796039	8.56753790854614	8.30868931644308	9.23072073609011	9.67415177463655	9.64796288720282	9.88970446898602	10.0405982536244	9.73112425643347	8.67534192233233	9.11299887829274	10.1626240048937	8.88469808542139	9.04018396155284	8.68943444166137	9.30227677016279	9.5353882179395	9.6182239120793	9.57536605592213	9.57536605592213
hsa-mir-24	7.81530922653483	9.30227677016279	9.1922435233338	9.36164435896964	9.2547583249173	9.30227677016279	9.30227677016279	9.13477331878967	8.84139543823	8.862705557616	8.9809190427439	9.46543686074207	9.21749025399683	8.8927065671799	9.1600200494527	8.90994481608442	8.64705602265497	9.04405093968384	9.30614374829379	9.10054686598524	9.13477331878967	8.9447001045492	8.9447001045492	9.2547583249173	9.04018396155284	9.13477331878967	9.13477331878967
hsa-mir-24-1*	3.7057208578343	3.78549034072681	4.75713795018157	5.37717125376114	4.69223796038481	5.23741805769576	5.14053381552198	4.99053275600139	3.35497515421408	3.44316571116188	3.95897967922111	4.35831443210146	4.68241159820315	5.37039622626778	5.2438447923367	4.49056492618683	4.17523910202085	4.06172481047941	5.73317520640625	3.02302088965140	3.33472458840433	2.94396508404534	3.74428151172156	4.31364506576638	4.45663988006159	4.24390222833724	4.39981519927033
hsa-mir-26a	9.57536605592213	9.6182239120793	9.45222684870884	9.67487045125417	9.71390154072545	9.84486221513038	9.98953360796039	9.78382784207573	9.31009368542245	9.6069406904124	9.54488252337394	9.75196629939307	10.3412950831158	9.98849187637637	9.67177325611287	9.57609562746672	9.4240640564056	9.25466322076975	9.73729014869012	9.57536605592213	9.40765243468772	9.98953360796039	10.3834233677284	10.4894315991078	10.2752638294529	10.1902198921300	9.91904294118385
hsa-mir-26b	7.78702979445573	7.67771372051938	8.05881495453326	7.96320456850376	7.84181913077917	8.3776847233657	8.55036731618417	8.72428787418296	7.7182779419176	7.31358098965659	7.85753085216837	7.59441224402082	8.0878549238683	8.42656726868967	8.70824558296677	8.15342339185816	7.88135515181803	7.31498949030639	9.17290890823158	7.67771372051938	7.53887646384779	7.74328218850923	8.05881495453326	7.96320456850376	8.05881495453326	8.18787906220096	8.51668726317513
hsa-mir-27a	7.36498190866277	9.45222684870884	8.81159932101658	8.51668726317513	8.25504228951731	8.20850568661231	7.8799233013404	8.08816230163172	8.8056279865794	8.82336890551732	8.80205878613131	8.77597894142718	8.6200744078128	7.77822296307624	8.22847343566725	7.13079623986264	8.55035710461352	8.51550367209193	8.31195035171283	9.30227677016279	9.49410757800238	9.13477331878967	8.48588112128227	8.43668044908443	8.08816230163172	7.8799233013404	8.20850568661231
hsa-mir-27b	7.648063868121	8.20850568661231	9.10054686598524	9.5353882179395	9.30227677016279	9.40765243468772	9.67487045125417	9.45222684870884	8.44025041372034	8.0681981172814	8.79998734652566	9.21706260332715	9.50184853549172	9.56897126019127	9.60722420001666	9.30011863131417	8.27389699164758	9.05715988376369	10.4903458665672	8.59266044530403	8.72428787418296	8.59266044530403	9.45222684870884	9.36164435896964	9.45222684870884	9.5353882179395	9.45222684870884
hsa-mir-28-5p	5.46492322573649	5.39939977683795	5.06670156898951	5.12435337097261	4.93167626719038	5.02511743407426	5.02511743407426	5.18719880172673	5.19569667801359	4.90173350710399	5.16368299481671	4.9047031330977	5.16906148453469	5.05232278166668	5.21729989758444	4.54516153041944	5.32902099380498	4.17410634876607	5.46851472482066	5.42112233812151	5.23741805769576	5.35321683046624	5.39939977683795	5.04329245529553	5.3339390048833	5.18719880172673	5.69345244942725
hsa-mir-296-5p	5.00854370454466	4.63394589234352	4.21569286045835	4.42723660387698	4.18410918001999	4.28830382407024	4.18410918001999	4.39981519927033	4.29911414367541	4.86690281490194	4.43161482192933	4.91776630544718	3.9044514613059	4.38036316543269	4.35428817362942	4.65201854847628	4.1943147894412	4.76920280631512	4.2216700479535	4.61351810358051	5.06670156898951	4.71516383230518	4.37107350482274	4.71516383230518	4.80027327173179	4.39981519927033	4.15057501731851
hsa-mir-299-5p	5.52669862643812	5.64146887938306	5.08300176727445	5.14053381552198	5.96134235366922	6.27591330719242	6.19363956160187	6.4086434191552	6.04678996044987	5.78321310023574	5.6032453182274	4.91655300172955	5.75671662506329	6.57827730926478	5.70718902878842	6.23293549011133	6.08260866480277	5.02950291872288	5.12638716089666	7.84181913077917	7.96320456850376	7.70682282906525	7.67771372051938	7.53887646384779	7.81530922653483	7.9927710313129	8.02630055800953
hsa-mir-29b	5.6671280830141	6.78717264402033	9.04018396155284	10.6121213556497	10.9674844946666	12.1737844707626	12.1737844707626	12.0055294466788	8.28603389766533	7.26050271623063	9.4839272308675	10.6956107370707	11.3702043250824	12.2915059658515	11.9383561741234	12.1314652510670	7.77303509315674	8.8548083008501	11.4135017286240	8.76613998192569	8.98802427214458	9.2547583249173	11.4747286940945	11.2610334358102	12.0055294466788	12.0055294466788	12.0055294466788
hsa-mir-29c	8.25504228951731	8.84207784664937	9.78382784207573	10.9674844946666	11.2610334358102	11.8449482080642	11.8449482080642	11.6518391311207	9.62522376004592	9.4794138673209	10.3719816281712	11.1905593072980	11.3605095599222	11.8168125500455	11.5742048182064	11.7513152552326	9.68269756244663	10.1495136549216	11.1021231875265	9.78382784207573	10.0376493987455	10.0376493987455	11.2610334358102	11.4747286940945	11.2610334358102	11.2610334358102	11.2610334358102
hsa-mir-29c*	3.67439914724941	4.21569286045835	4.66191604691883	5.81697166618394	6.01733381652154	6.54114001760692	6.57371157642061	6.46667629194717	4.22564156106252	4.17359857367554	4.96212445441192	6.17506691727013	6.51975217279562	7.19143394610088	6.63363215368987	6.3303652957339	4.7362692582205	4.7362692582205	6.44799130269237	4.37107350482274	4.61351810358051	4.56292017683906	6.32730168086776	6.38302643866359	6.62860136151464	6.6611140673135	6.89732813287468
hsa-mir-301a	8.98802427214458	8.08816230163172	7.0023443202061	7.43749725488726	6.96416845970472	7.3270178591994	7.26634744387302	7.3270178591994	7.81476591369204	8.04935106909744	7.87545863255434	7.01048072621266	7.11053307228214	7.59302586822051	7.35071140119757	6.87786768625545	8.14431531865442	7.52724899137147	7.91218933055557	8.20850568661231	8.25504228951731	7.96320456850376	7.70682282906525	7.84181913077917	7.8799233013404	7.84181913077917	7.8799233013404
hsa-mir-30a	7.15593251569189	8.48588112128227	8.43668044908443	8.64318904452396	8.15594279113074	8.68943444166137	8.76613998192569	8.59266044530403	8.35672959979278	8.26912776817182	8.58787036696065	8.70579624018812	8.94662270390126	8.99799924149087	8.90329853630588	8.33628315512239	8.49981847831157	8.27890647361978	8.93310525806818	8.40879106689276	8.48588112128227	8.64318904452396	8.59266044530403	8.76613998192569	8.59266044530403	8.43668044908443	8.72428787418296
hsa-mir-30a*	5.26211376805286	5.9139645035531	5.60047831189381	5.9414311050189	5.4449833933731	6.11032834869765	5.99040409633163	5.69345244942725	5.59910797253058	5.43698808936191	5.74824962625616	5.96934916627945	6.17771199817861	6.87424985848337	6.70799807553837	5.92550354159564	5.65000795207688	5.40570269082765	6.1332983774454	5.46492322573649	5.50760956121269	5.3339390048833	5.30548966235742	5.96134235366922	5.99040409633163	5.9414311050189	6.24944313331877
hsa-mir-30b	8.76613998192569	8.72428787418296	8.48588112128227	8.3776847233657	8.3776847233657	8.59266044530403	8.59266044530403	8.51668726317513	8.67477587636345	8.62858552288212	8.67080403743688	8.23358466202873	8.69340669856256	8.81179786617702	8.48689810312302	8.20616044516934	8.87802934438323	8.44037238842281	8.44037238842281	8.72428787418296	8.68943444166137	8.72428787418296	8.76613998192569	8.88469808542139	8.76613998192569	8.9447001045492	8.9447001045492
hsa-mir-30c	8.3776847233657	8.02630055800953	7.81530922653483	8.18787906220096	8.08816230163172	8.40879106689276	8.20850568661231	8.55036731618417	7.9860424815039	8.13672762371262	8.54227621702158	8.0355044122236	8.40332206326939	8.75997019317386	8.46780825817129	8.12594662859943	7.98895569753925	8.15330119613908	8.47392996140012	8.64318904452396	8.3326869020374	8.51668726317513	8.68943444166137	8.84207784664937	8.55036731618417	8.64318904452396	8.81159932101658
hsa-mir-30d	8.05881495453326	8.3776847233657	8.08816230163172	8.05881495453326	7.81530922653483	8.08816230163172	8.11815553088747	8.05881495453326	7.9655987931745	8.19715722353131	8.26358323532962	8.26113751160293	7.78631201127262	8.23587321199297	7.9685171398754	7.94789051546405	8.05303060219845	8.31530186040287	7.59913603473334	8.3326869020374	8.40879106689276	8.3776847233657	8.20850568661231	8.55036731618417	8.3776847233657	8.3776847233657	8.3776847233657
hsa-mir-30e	7.61556489252915	7.50684661633316	7.43749725488726	7.67771372051938	7.43749725488726	7.74328218850923	7.92381680303189	7.648063868121	7.31717502595281	7.42452064741517	7.52894094305277	7.56421884784688	7.61614165171279	7.89409698247788	7.96494922034728	7.71884613783477	7.7197317610472	7.44124839909369	8.30066531778055	7.12147724874101	7.18875970673607	7.43749725488726	7.81530922653483	7.43749725488726	7.61556489252915	7.53887646384779	7.50684661633316
hsa-mir-30e*	6.4086434191552	6.11032834869765	5.50760956121269	5.35321683046624	5.42112233812151	5.6671280830141	5.50760956121269	5.37717125376114	5.47247280961998	5.5452455146114	5.44767721408540	5.1725761994528	5.60323207102928	6.08866798009158	6.01539190122839	4.97172986534499	5.89952700652145	5.29343101407289	5.7507545890295	5.16822806630398	4.90641706547489	4.93167626719038	4.90641706547489	5.10005947260148	5.47948441486613	5.3339390048833	5.28565647074551
hsa-mir-32*	5.16822806630398	5.16822806630398	6.21919891075016	3.93487415383306	6.43909895206573	4.45663988006159	5.04329245529553	6.11032834869765	6.39208825264504	6.69981294218973	7.12683767762427	6.02170355323433	7.28693138912952	5.90381768809809	6.00498840092472	7.5375143729959	4.9933920104244	6.71191204918497	5.60171205306228	5.47948441486613	5.18719880172673	5.9414311050189	5.71496340040857	5.86165751658409	5.89175246319407	6.13760332956926	5.35321683046624
hsa-mir-320a	7.50684661633316	6.68844426225521	6.46667629194717	5.84351672082674	5.71496340040857	5.84351672082674	6.13760332956926	6.01733381652154	6.33091413875078	6.50708465042554	5.78268662641756	6.36018803817633	5.8287463383588	5.78042746194261	6.07459720473399	5.75396554134867	6.2060309953536	6.45145410444793	6.64213924220495	6.01733381652154	5.84351672082674	6.04159611574661	6.21919891075016	6.16836192453346	6.32730168086776	6.4086434191552	6.4086434191552
hsa-mir-320b	8.81159932101658	7.84181913077917	7.70682282906525	7.2350097062328	6.78717264402033	7.03154952713213	7.2350097062328	7.36498190866277	7.50789009671184	7.8376308143529	6.99521014224267	7.044351421247	6.74537914990712	6.9024427101999	7.11991136649906	6.84907011997098	7.30647304935305	7.04246992568613	7.8819447362592	6.86047748964086	6.89732813287468	6.86047748964086	6.86047748964086	7.06304869853295	7.18875970673607	7.12147724874101	7.29652587244388
hsa-mir-320c	8.59266044530403	7.648063868121	7.50684661633316	7.03154952713213	6.62860136151464	6.82772526271559	7.03154952713213	7.06304869853295	7.35453954111834	7.82807836929542	6.98348325270413	6.96363243974255	6.75047825982643	6.77474942862155	7.08478286454712	6.7910308785217	7.41950178018438	7.04505322383007	7.5570137596945	7.09401686031934	6.96416845970472	6.82772526271559	6.60010434074681	6.96416845970472	7.12147724874101	7.0023443202061	7.06304869853295
hsa-mir-323-3p	5.89175246319407	6.54114001760692	6.78717264402033	6.78717264402033	6.92763950398569	6.86047748964086	6.54114001760692	6.68844426225521	6.83372555967068	6.50250419121525	6.91907953575838	6.38091802045451	6.51525853477353	6.45833423046106	6.51525853477353	6.3245733970165	6.79804560392017	6.37501716182238	5.38871343331275	6.29796767608544	6.29796767608544	6.11032834869765	5.47948441486613	5.08300176727445	5.08300176727445	4.86369875190752	4.86369875190752
hsa-mir-324-3p	7.84181913077917	7.53887646384779	7.3270178591994	7.26634744387302	7.29652587244388	7.29652587244388	7.3270178591994	7.29652587244388	7.20543274782219	7.58492432106041	7.0611529389599	7.03522770368997	7.09813737771594	7.31044342972951	7.02054964057898	6.95326718258393	7.41254335525763	7.01172990629957	6.97520095058055	7.43749725488726	7.50684661633316	7.3270178591994	7.39683890699212	7.81530922653483	7.67771372051938	7.47518803514822	7.43749725488726
hsa-mir-324-5p	8.72428787418296	8.29810437961785	7.78702979445573	8.15594279113074	7.9927710313129	8.18787906220096	8.29810437961785	8.11815553088747	8.09970605447345	8.42893584767758	8.1070938720926	8.0511421361747	7.98985676885744	8.08178394525905	8.1860841038415	8.22914619394203	8.21152700187855	7.77179393889606	7.63419843288061	8.11815553088747	8.18787906220096	8.05881495453326	8.08816230163172	8.18787906220096	8.40879106689276	8.25504228951731	8.18787906220096
hsa-mir-330-3p	4.61351810358051	5.00854370454466	5.37717125376114	6.08303892045797	5.28565647074551	6.19363956160187	6.75692162836903	6.75692162836903	5.22297232879636	5.1296424478012	5.48384634266778	5.6242176867172	6.12919080318023	6.98800427891247	6.7561003739344	6.69625747319382	5.5895296383412	5.47646495161804	6.84901800020327	4.45663988006159	4.69223796038481	4.45663988006159	5.10005947260148	5.9414311050189	6.4086434191552	6.49690641955783	6.21919891075016
hsa-mir-331-3p	9.98953360796039	10.2752638294529	9.67487045125417	9.49410757800238	9.57536605592213	9.5353882179395	9.5353882179395	9.6182239120793	10.1231175961909	10.2984571012249	10.4138817486336	9.19462693448462	9.63258339008412	9.33494188099571	9.53690576143797	9.95633124810418	10.1888007539834	9.62743846525593	8.95372088608332	10.2752638294529	10.1902198921300	10.1387525890398	9.5353882179395	9.78382784207573	9.84486221513038	9.67487045125417	9.67487045125417
hsa-mir-335	5.35321683046624	5.57824426613252	5.3339390048833	4.93167626719038	5.26211376805286	5.10005947260148	5.12435337097261	4.51197665366644	5.16562839057694	4.9240571335029	5.00588426423583	4.62968407555217	4.89426440821441	4.89004840692963	4.52462530959867	4.03496895200204	5.49084198875002	5.16898428116942	4.63598776781312	5.57824426613252	5.4449833933731	5.96134235366922	5.74298004570212	5.64146887938306	5.69345244942725	5.69345244942725	5.9139645035531
hsa-mir-338-3p	8.51668726317513	8.25504228951731	10.7136282621944	11.6518391311207	9.84486221513038	10.8716524737887	11.0836872820796	11.2610334358102	8.78232050555729	8.41043555049749	9.17378602265183	9.10425245991323	10.4847329005312	11.5506121468093	10.8786226602992	10.8786226602992	8.81633516025419	9.69340876180579	13.1447637149999	8.43668044908443	8.55036731618417	8.25504228951731	10.1902198921300	9.57536605592213	10.4894315991078	10.7826490639300	9.98953360796039
hsa-mir-340	7.57500923439739	6.6611140673135	6.32730168086776	6.38302643866359	6.13760332956926	5.99040409633163	6.24944313331877	5.86165751658409	6.91571496023549	6.87836255212528	6.69849129172633	6.31069119087841	6.29707519379053	6.57801274466556	5.25857994429387	6.13149023529576	6.93363472186989	6.34497935588063	7.22006305028204	6.82772526271559	6.78717264402033	7.0023443202061	6.72392563896163	6.6611140673135	6.78717264402033	6.82772526271559	6.75692162836903
hsa-mir-340*	7.3270178591994	6.49690641955783	5.9414311050189	5.60047831189381	5.35321683046624	5.39939977683795	5.18719880172673	5.46492322573649	6.13906169699305	6.22146144642564	5.973451145398	4.9247586187914	5.45305510426362	5.70119752114921	4.85510758798934	5.3658717710254	6.26638940298129	5.25194801181249	5.61700184856843	5.89175246319407	6.11032834869765	5.46492322573649	5.12435337097261	5.28565647074551	5.84351672082674	5.74298004570212	5.96134235366922
hsa-mir-342-3p	9.67487045125417	9.91904294118385	9.84486221513038	9.78382784207573	9.91904294118385	9.67487045125417	9.57536605592213	9.36164435896964	9.57740516194224	9.71428045389797	9.54435539461005	9.40589736838744	9.1602617975951	9.1450683596916	9.1602617975951	9.20626987331318	9.84186120239155	9.0975458532464	8.76313896918686	9.91904294118385	10.1387525890398	9.91904294118385	9.67487045125417	9.98953360796039	9.67487045125417	9.49410757800238	9.5353882179395
hsa-mir-342-5p	5.99040409633163	5.14053381552198	4.74071260343848	5.10005947260148	4.77935580158224	4.75713795018157	4.58754481990030	4.45663988006159	4.92720565317745	5.13954969451898	4.86504624569527	4.16635659697086	4.16267981073599	4.63387936556048	4.49501442147629	4.57502497025654	5.60756039257557	4.52654288451052	4.34923687222859	5.04329245529553	5.02511743407426	5.04329245529553	4.71516383230518	5.00854370454466	4.88812582476522	4.71516383230518	5.04329245529553
hsa-mir-346	3.29048985037362	3.02302088965140	3.38781515866315	3.17255614825692	3.67439914724941	3.29048985037362	3.29048985037362	3.54106588739388	2.90548031605448	3.58423513638478	3.17253753132095	3.483644913211	3.37669930558973	3.74555436905255	3.71637386443481	4.8422479889172	3.23111171857785	3.77473487367029	3.96154578178192	2.67611378989123	2.47488782353011	2.47488782353011	1.8353217657761	2.94396508404534	2.80572549049983	1.8353217657761	2.47488782353011
hsa-mir-34a	4.69223796038481	7.03154952713213	6.62860136151464	7.53887646384779	7.47518803514822	9.04018396155284	9.45222684870884	9.30227677016279	6.07287883888016	5.7565556991652	6.26399589222122	7.63771778797837	8.27974219852351	9.97229682178967	8.88993938931846	8.5604798564772	6.26240392347123	5.92309436999788	8.32736212781155	6.35843906046705	6.57371157642061	6.01733381652154	7.53887646384779	8.11815553088747	8.64318904452396	8.68943444166137	9.30227677016279
hsa-mir-361-3p	4.80027327173179	4.39981519927033	4.24390222833724	4.71516383230518	4.45663988006159	4.48290962805881	4.84597774961407	4.84597774961407	4.7126070769339	4.97929848982245	4.74819419166739	4.92528083414896	5.14007296894577	5.03757300992701	5.04352257409847	4.73072640599375	5.13600125699267	4.89897723933229	5.53248390458435	5.14053381552198	5.04329245529553	5.06670156898951	5.6671280830141	5.46492322573649	5.60047831189381	5.77196805471535	5.71496340040857
hsa-mir-361-5p	8.88469808542139	8.81159932101658	8.40879106689276	8.40879106689276	8.11815553088747	8.05881495453326	8.02630055800953	8.02630055800953	8.45673832876042	9.02555291187683	8.26945688887197	8.04273589828426	7.9478199164019	8.21071285127337	8.01754344771539	7.88847934004768	8.74060454545294	8.30715146556466	7.93766913203101	9.04018396155284	8.76613998192569	8.81159932101658	8.72428787418296	9.13477331878967	8.9447001045492	8.76613998192569	8.59266044530403
hsa-mir-362-5p	3.25035331604094	3.17255614825692	3.85346837942231	2.94396508404534	2.27644799855222	2.94396508404534	3.10102205550755	2.67611378989123	2.88517610024888	2.75125045317182	2.76077282355136	3.46623949683477	3.57793742566506	3.4201682535465	3.61807395999774	3.50014025788104	3.35863977170250	3.04693607294958	4.05059540800647	3.43874188293354	3.02302088965140	3.17255614825692	4.11438328855721	3.38781515866315	4.06019344538001	4.11438328855721	3.78549034072681
hsa-mir-365	5.5548362890973	5.96134235366922	5.74298004570212	5.99040409633163	6.38302643866359	6.46667629194717	6.32730168086776	6.32730168086776	5.78209583955275	5.96462405162406	5.96971590060389	6.36704528145009	6.5946500779809	6.81495376350131	6.56707273809946	6.2110127064917	5.99560826348262	6.2541877541535	6.30557612782884	6.13760332956926	6.4086434191552	6.21919891075016	6.52131497380172	6.29796767608544	6.49690641955783	6.32730168086776	6.46667629194717
hsa-mir-369-5p	3.88141714722611	3.90416181035184	3.74428151172156	3.5889956050107	3.62794762429143	3.93487415383306	3.43874188293354	3.17255614825692	3.86446599254364	3.9215726719869	3.60635899199979	2.98157244619597	3.15065868523878	3.47457543346465	3.22219277798815	3.15065868523878	4.18928051677208	3.37846092251245	3.03981863354269	4.18410918001999	3.85346837942231	3.90416181035184	3.62794762429143	3.17255614825692	2.94396508404534	2.94396508404534	3.25035331604094
hsa-mir-370	2.67611378989123	2.80572549049983	3.29048985037362	3.25035331604094	3.54106588739388	3.5889956050107	3.99723126185648	3.29048985037362	4.13063943882653	3.93533617936951	3.31910071056016	3.73287323736024	3.59095143918955	3.58708602975297	3.2730457400184	3.32397246428879	3.45545404854142	3.92665188891073	2.88947933318212	3.93487415383306	3.96977593811295	3.43874188293354	3.81923514937574	3.74428151172156	4.21569286045835	4.06019344538001	3.81923514937574
hsa-mir-374a	6.62860136151464	6.32730168086776	6.01733381652154	5.86165751658409	5.60047831189381	5.96134235366922	5.9414311050189	5.52669862643812	6.15069015272839	6.16635701965821	6.08275528743674	5.50595740258823	6.16949410976933	6.46442210151248	6.22180109673833	5.52016717126521	6.24974586575311	5.6174653943514	6.53651177897336	4.74071260343848	4.54140280706711	4.74071260343848	4.48290962805881	4.18410918001999	4.69223796038481	4.80027327173179	4.74071260343848
hsa-mir-374b	7.29652587244388	6.92763950398569	6.57371157642061	5.9139645035531	5.74298004570212	5.57824426613252	5.81697166618394	5.64146887938306	6.47765114642142	6.46445476425832	6.3016525149097	5.32457608502298	5.75110740270754	5.32582601194499	5.70388067482293	5.33680492913222	6.75262773953668	5.7116257729998	6.18938237139631	5.9139645035531	5.74298004570212	5.86165751658409	6.08303892045797	4.96992422349465	5.64146887938306	5.99040409633163	5.64146887938306
hsa-mir-376a	6.68844426225521	7.2350097062328	7.12147724874101	6.92763950398569	7.36498190866277	7.09401686031934	6.6611140673135	6.52131497380172	7.62901797136566	7.46173601169498	7.5818860077637	7.21212784353154	6.88358582776524	7.04547082681739	6.91279103469128	6.7417189972	7.60618720776814	7.43472230584156	6.34047238711413	7.47518803514822	7.2350097062328	7.36498190866277	6.96416845970472	6.32730168086776	6.43909895206573	6.38302643866359	6.32730168086776
hsa-mir-376a*	4.74071260343848	5.30548966235742	4.90641706547489	4.86369875190752	5.10005947260148	5.47948441486613	4.74071260343848	4.56292017683906	5.17700976137644	5.12693891359276	5.3881178459202	4.90440838456457	5.31560087085867	5.11979171375032	4.8940603075828	4.22866590424625	5.19290651480558	4.68163256273284	4.59378000969942	4.63394589234352	4.63394589234352	4.94674206044823	4.21569286045835	3.62794762429143	3.81923514937574	3.62794762429143	3.43874188293354
hsa-mir-376c	8.02630055800953	8.55036731618417	8.11815553088747	7.84181913077917	7.96320456850376	7.92381680303189	7.70682282906525	7.43749725488726	8.82004003546325	8.82480976078138	8.5883433699051	8.11070244205456	7.89776679469975	7.75170546659134	7.93129632139639	7.89776679469975	8.90254591152653	8.45502239527772	7.56918477903894	7.8799233013404	7.81530922653483	7.81530922653483	7.36498190866277	7.0023443202061	7.0023443202061	7.03154952713213	7.0023443202061
hsa-mir-377	6.43909895206573	6.82772526271559	7.15593251569189	7.29652587244388	7.78702979445573	7.81530922653483	7.67771372051938	7.53887646384779	7.39601175015152	7.12667941297359	7.49992268468301	7.55034264541371	7.8134386618201	7.97338712712444	7.57313866968266	7.3949683422774	7.49551677363013	7.49551677363013	7.17742986403304	7.3270178591994	7.12147724874101	7.15593251569189	7.03154952713213	6.68844426225521	6.89732813287468	6.86047748964086	6.96416845970472
hsa-mir-379	5.71496340040857	6.29796767608544	6.13760332956926	6.75692162836903	6.82772526271559	7.57500923439739	7.36498190866277	7.18875970673607	6.93160875571596	6.7983721740568	7.0608175210014	6.76801998489337	7.06282210611354	8.04555642907293	7.47311906273492	7.27314285000282	6.56478875075107	6.51015006889652	6.31938708414177	6.4086434191552	6.60010434074681	6.32730168086776	6.11032834869765	6.35843906046705	6.52131497380172	6.52131497380172	6.52131497380172
hsa-mir-381	6.46667629194717	6.72392563896163	6.82772526271559	7.06304869853295	7.15593251569189	6.89732813287468	6.82772526271559	6.6611140673135	6.40789923410668	6.23169815616495	6.13338343021609	6.27209581133823	5.99486593199411	5.60633094580874	5.95342312728275	6.1612701448549	6.46544723109618	6.62832314443085	5.729040970825	6.78717264402033	6.86047748964086	6.75692162836903	6.75692162836903	6.52131497380172	6.29796767608544	6.54114001760692	6.54114001760692
hsa-mir-382	4.82317482184723	4.99053275600139	5.12435337097261	5.04329245529553	5.37717125376114	5.26211376805286	5.4449833933731	5.14053381552198	5.33523695060341	5.23574747695852	5.60305005276338	5.33161165513579	5.26071627140402	5.54402450118348	5.05528608164808	4.945759365048	5.47058138890395	5.18232933998714	4.81964526552229	4.90641706547489	4.56292017683906	4.84597774961407	4.56292017683906	4.48290962805881	4.24390222833724	4.37107350482274	4.34336264279165
hsa-mir-383	3.74428151172156	5.26211376805286	5.81697166618394	6.16836192453346	5.6671280830141	5.35321683046624	4.80027327173179	4.11438328855721	5.86630696841634	5.31931619119352	6.193206303134	6.44556966723973	6.10036933365681	5.63626343180663	5.97076358210482	5.32910028400949	5.75390733481533	6.07072542920394	6.36481203794647	6.75692162836903	6.68844426225521	6.62860136151464	6.13760332956926	6.43909895206573	5.30548966235742	5.4449833933731	4.84597774961407
hsa-mir-409-3p	4.39981519927033	5.28565647074551	5.4449833933731	5.50760956121269	5.64146887938306	5.42112233812151	5.96134235366922	5.42112233812151	5.36806021502117	5.16967240710012	5.13221492393706	5.15489710074736	4.77083593564407	4.86753279715016	4.62599098300692	4.62599098300692	5.26875586867626	4.86228109865824	4.09964821823001	5.71496340040857	6.24944313331877	5.77196805471535	5.57824426613252	5.62203280019586	5.23741805769576	5.35321683046624	5.37717125376114
hsa-mir-409-5p	3.85346837942231	3.99723126185648	3.90416181035184	4.24390222833724	4.28830382407024	4.26628186385383	4.26628186385383	3.38781515866315	3.91356963446167	4.15809593412743	3.95987271678665	3.46301346375530	3.21175181532303	3.73714880708423	3.31407581978337	2.7960308220409	4.14397049486014	3.40084461432883	2.57862248053723	4.75713795018157	4.71516383230518	4.66191604691883	4.15057501731851	4.02668022470829	4.08702803004491	3.7057208578343	3.62794762429143
hsa-mir-410	6.72392563896163	7.9927710313129	8.29810437961785	8.55036731618417	8.81159932101658	8.9447001045492	8.81159932101658	8.64318904452396	8.3324402915302	8.5542338333513	8.93406692315932	8.37818702335109	8.52435838996074	8.5368071170905	8.55921182248233	8.96969726708904	8.20739421464842	8.29699290765395	7.39572743502823	8.9447001045492	8.9447001045492	8.55036731618417	8.15594279113074	8.68943444166137	8.48588112128227	8.48588112128227	8.43668044908443
hsa-mir-411	4.31364506576638	4.45663988006159	4.18410918001999	4.15057501731851	4.61351810358051	4.99053275600139	4.99053275600139	4.80027327173179	4.91443164216567	4.77708651441859	4.60697085019699	4.05226946675266	4.02938628432615	5.18586198596497	4.52852109934945	4.31481819503927	4.88996962894903	4.1369131257259	4.2505046638365	5.60047831189381	5.69345244942725	5.47948441486613	5.60047831189381	5.02511743407426	5.39939977683795	5.6671280830141	5.52669862643812
hsa-mir-424	5.02511743407426	6.19363956160187	6.86047748964086	6.35843906046705	6.52131497380172	5.06670156898951	4.94674206044823	3.78549034072681	6.61005287961566	6.13402862405993	6.70708502711467	5.9480660230679	5.95395653500815	5.03625526469125	5.46332134492474	4.41953234654542	6.51447517472441	5.97675245710555	5.74795764268701	7.2350097062328	7.0023443202061	6.72392563896163	6.62860136151464	5.23741805769576	5.16822806630398	4.90641706547489	4.26628186385383
hsa-mir-425	6.01733381652154	5.86165751658409	5.99040409633163	6.13760332956926	6.21919891075016	6.43909895206573	6.52131497380172	6.13760332956926	6.3954219099947	6.41970544765381	6.4744605587816	6.62609398775959	6.89097122728572	6.89995696674215	7.13639391912279	6.7341539396635	6.90781720215331	6.24845386397118	7.17410879975707	6.16836192453346	6.16836192453346	6.06153469150105	6.46667629194717	6.4086434191552	6.75692162836903	6.68844426225521	6.68844426225521
hsa-mir-432	4.93167626719038	5.84351672082674	5.77196805471535	6.04159611574661	6.4086434191552	6.49690641955783	6.35843906046705	6.29796767608544	5.98304056978055	6.24872558585585	5.93501537513645	5.89140715687508	6.05282851098252	6.0084590628889	6.05282851098252	6.11086208681833	5.55826740583838	5.63678301112648	5.12692872446399	5.5548362890973	6.21919891075016	5.69345244942725	5.50760956121269	5.69345244942725	5.52669862643812	5.37717125376114	5.47948441486613
hsa-mir-433	2.27644799855222	3.48758823913778	3.93487415383306	4.61351810358051	5.00854370454466	4.86369875190752	5.16822806630398	4.86369875190752	4.05971275742882	3.24991641794039	4.2588622068857	4.0868460137719	4.16891911130394	4.67952127065437	4.33202408887267	4.28108056570005	3.50977242588666	3.89368172276245	4.12344438586488	4.51197665366644	5.00854370454466	4.58754481990030	4.69223796038481	4.90641706547489	4.71516383230518	4.61351810358051	4.54140280706711
hsa-mir-451	8.29810437961785	9.98953360796039	11.6518391311207	12.0055294466788	9.1922435233338	10.7826490639300	8.51668726317513	10.3834233677284	10.2949627581950	8.65596272312186	9.26784249686942	11.4759620944486	10.9063748543922	10.5880466520647	11.9771883980724	10.7056885702226	9.28645469749012	9.7113057458045	10.0619847558725	11.2610334358102	9.78382784207573	10.7826490639300	8.84207784664937	8.72428787418296	9.13477331878967	9.1922435233338	9.36164435896964
hsa-mir-454	6.13760332956926	4.86369875190752	3.88141714722611	3.96977593811295	3.10102205550755	3.78549034072681	4.02668022470829	3.81923514937574	4.16822772200313	3.26437606594449	3.79804383220521	2.99422868446224	2.44374645489178	3.76020336177064	3.26832051184711	2.97302394683938	4.516088985807	3.59845445060974	4.95423241148965	4.26628186385383	3.54106588739388	3.81923514937574	3.7057208578343	3.29048985037362	3.74428151172156	3.76488592622419	3.90416181035184
hsa-mir-484	5.9139645035531	5.47948441486613	4.77935580158224	4.80027327173179	4.66191604691883	4.42723660387698	4.45663988006159	4.77935580158224	4.71406064407164	5.01006591255237	4.65543136321841	4.25720423723559	4.36354201712648	4.14043272402662	4.12794393680326	4.57772112221656	4.86244153844922	4.36330672342593	4.39949845218722	5.06670156898951	5.3339390048833	5.02511743407426	4.99053275600139	5.18719880172673	5.06670156898951	4.99053275600139	4.75713795018157
hsa-mir-485-3p	4.86369875190752	4.90641706547489	5.02511743407426	4.39981519927033	5.77196805471535	4.69223796038481	4.77935580158224	5.77196805471535	4.9452304264886	4.49037134901919	4.74366362726537	4.76171057500728	3.98741784034995	4.0799378235662	3.69590743632777	6.39882999764867	4.36298317897385	5.62758237933999	3.86857326258321	3.7057208578343	4.28830382407024	4.42723660387698	4.18410918001999	4.21569286045835	3.78549034072681	4.28830382407024	4.18410918001999
hsa-mir-485-5p	4.15057501731851	4.11438328855721	3.62794762429143	4.18410918001999	4.24390222833724	4.63394589234352	4.63394589234352	4.54140280706711	4.57374868713265	4.65368811138588	4.34363486755704	4.26842990781302	4.49337843730184	5.1795077998346	4.53535255517824	4.8215070602922	4.88161501696488	3.90057689460883	3.86683208595990	3.29048985037362	3.62794762429143	3.25035331604094	3.43874188293354	4.06019344538001	3.62794762429143	3.85346837942231	3.85346837942231
hsa-mir-487b	6.75692162836903	7.74328218850923	7.84181913077917	8.02630055800953	8.55036731618417	8.51668726317513	8.3776847233657	8.20850568661231	7.54136823802581	7.35051002590181	7.65978153731888	7.64552588191612	7.59253917016708	7.50478957628231	7.89548183709846	7.93358600765969	7.68679483523329	7.27053050592346	6.84084077959873	7.96320456850376	8.02630055800953	8.02630055800953	7.74328218850923	7.648063868121	7.70682282906525	7.648063868121	7.61556489252915
hsa-mir-488	6.6611140673135	6.62860136151464	6.16836192453346	6.27591330719242	6.27591330719242	6.13760332956926	6.01733381652154	5.79617539268005	6.49349316495389	6.31772327243952	6.52751963271394	6.04494205191119	6.20281116540621	6.6394968035	6.06357101568932	5.53782455436641	6.57414401241998	6.35212889717221	5.75654666593321	6.11032834869765	6.43909895206573	6.54114001760692	5.86165751658409	5.84351672082674	5.74298004570212	5.42112233812151	5.86165751658409
hsa-mir-490-3p	4.26628186385383	5.21233057807997	4.69223796038481	4.69223796038481	4.11438328855721	3.7057208578343	3.48758823913778	2.94396508404534	4.70325533867409	4.79608390889438	4.2741341984512	4.02246046318235	4.1372560804417	3.04547620301420	3.98122444541353	3.56465087419947	5.05158813866715	4.52457242672568	3.65533583486673	3.85346837942231	3.74428151172156	4.31364506576638	3.67439914724941	3.5889956050107	3.93487415383306	3.81923514937574	2.67611378989123
hsa-mir-490-5p	3.48758823913778	4.48290962805881	3.5889956050107	3.48758823913778	3.25035331604094	2.47488782353011	1.8353217657761	1.8353217657761	4.04390968546949	4.09481372434396	3.25960011876876	3.31550835204535	2.71724345799611	1.85706617094368	1.60860013972687	2.24816619748088	3.97965922092678	4.04477706406662	2.10553220216049	3.90416181035184	3.67439914724941	3.67439914724941	2.67611378989123	2.80572549049983	2.47488782353011	2.67611378989123	2.27644799855222
hsa-mir-494	5.60047831189381	5.18719880172673	5.30548966235742	5.6671280830141	5.08300176727445	6.32730168086776	5.77196805471535	4.63394589234352	6.41816664115015	6.74179532181886	7.55899974291233	7.30393382032844	7.15054730311506	5.34767661440146	5.18048917484327	5.00498638804239	5.72067177954905	8.32584999943708	5.96667752444164	6.72392563896163	7.06304869853295	5.84351672082674	6.82772526271559	8.64318904452396	7.29652587244388	7.15593251569189	6.86047748964086
hsa-mir-495	5.62203280019586	6.01733381652154	6.35843906046705	6.54114001760692	7.06304869853295	7.36498190866277	7.15593251569189	6.89732813287468	6.62580245691136	6.23434247717127	6.91637346743192	7.15343261472121	7.42409901054498	7.37267678651155	7.39360702378945	7.25301366703746	6.4510009717404	6.70825031875486	6.58442902054004	7.36498190866277	7.29652587244388	7.50684661633316	7.648063868121	7.29652587244388	7.43749725488726	7.39683890699212	7.47518803514822
hsa-mir-497	7.47518803514822	8.11815553088747	7.61556489252915	7.57500923439739	7.53887646384779	7.9927710313129	7.9927710313129	7.96320456850376	7.894571352591	8.23321406154461	7.98323967847871	7.63811486314386	7.88167681201358	8.34444028772288	8.03262871254731	7.9636744842663	8.4695302114188	7.97642012144943	7.97642012144943	8.05881495453326	7.9927710313129	8.18787906220096	8.25504228951731	8.05881495453326	8.29810437961785	8.40879106689276	8.48588112128227
hsa-mir-532-5p	3.02302088965140	3.38781515866315	3.67439914724941	3.54106588739388	2.67611378989123	3.02302088965140	3.54106588739388	3.10102205550755	2.68102056269321	2.41638181671941	2.96365580406071	3.47465840657151	3.25295435730601	3.67829279747157	3.17389855169994	3.17389855169994	3.53752240781756	2.99389925272512	4.36357923444616	2.47488782353011	2.27644799855222	2.27644799855222	2.94396508404534	2.67611378989123	3.25035331604094	3.29048985037362	3.17255614825692
hsa-mir-539	4.24390222833724	4.82317482184723	5.26211376805286	5.47948441486613	5.89175246319407	6.04159611574661	5.57824426613252	5.5548362890973	4.8067126071342	4.73013525070265	5.09383318084378	4.79526183207648	4.91856954600475	5.04221455705738	4.91856954600475	5.29780895127537	4.93041837749943	4.82191693215629	4.56166228714811	4.58754481990030	4.34336264279165	4.37107350482274	4.02668022470829	4.45663988006159	4.39981519927033	4.26628186385383	4.21569286045835
hsa-mir-543	4.34336264279165	4.42723660387698	4.61351810358051	4.63394589234352	4.99053275600139	5.16822806630398	5.26211376805286	4.71516383230518	5.9773628624358	5.64746767247552	6.4011804982291	5.57122407587494	6.32662270441218	5.90933624241826	5.77128907825977	5.42044336166593	4.97992258565552	5.8779203562732	5.1669917844135	4.80027327173179	4.86369875190752	5.00854370454466	5.21233057807997	4.80027327173179	4.93167626719038	5.06670156898951	5.26211376805286
hsa-mir-551b	9.71390154072545	9.04018396155284	8.98802427214458	8.59266044530403	8.72428787418296	7.78702979445573	7.39683890699212	7.2350097062328	9.17977599489654	9.39342636724225	8.62710439797195	6.43125179882898	7.87976130232147	6.38700759597774	7.60400836741059	7.32092640795235	9.61900776643478	7.92460065738737	7.32780171355489	8.08816230163172	8.29810437961785	7.9927710313129	7.50684661633316	7.3270178591994	7.15593251569189	7.09401686031934	6.6611140673135
hsa-mir-582-5p	8.15594279113074	6.38302643866359	5.57824426613252	5.71496340040857	5.99040409633163	6.4086434191552	6.06153469150105	6.08303892045797	5.33729842204459	5.58683325439479	5.37911261223108	4.67704306265033	5.70548724210266	5.77473892113444	5.6188546518169	5.50900175609271	5.84995852573638	3.32948972162921	4.91277720520795	5.23741805769576	5.26211376805286	5.16822806630398	5.02511743407426	4.75713795018157	5.02511743407426	5.04329245529553	5.21233057807997
hsa-mir-592	3.43874188293354	4.18410918001999	4.15057501731851	5.06670156898951	5.18719880172673	4.80027327173179	4.42723660387698	4.02668022470829	5.21233446758155	5.45344725784426	5.2035112938634	4.81662245766633	5.79675049856371	5.58876483185271	5.22232091367712	5.43500392862138	5.49948732615112	4.98201078153176	4.44041182132442	4.34336264279165	4.99053275600139	4.24390222833724	4.31364506576638	4.69223796038481	4.75713795018157	4.82317482184723	4.69223796038481
hsa-mir-628-5p	5.96134235366922	5.77196805471535	5.10005947260148	5.46492322573649	5.46492322573649	5.69345244942725	5.37717125376114	5.57824426613252	5.73388760609085	5.83308776134193	5.76674015805907	4.83629175877784	5.33424813849065	5.91753638318131	5.41433277651883	5.55688116184857	5.95879329969102	5.03566375272011	4.67163977284061	5.50760956121269	5.62203280019586	5.74298004570212	5.26211376805286	5.74298004570212	5.86165751658409	5.5548362890973	5.84351672082674
hsa-mir-652	4.28830382407024	4.06019344538001	4.39981519927033	4.56292017683906	3.81923514937574	3.99723126185648	4.15057501731851	3.90416181035184	4.28758814189387	4.84876123662886	4.56419445090881	4.67956408183883	4.63963728112572	4.02743166134358	4.04932372308191	3.95625427157727	4.56431978692575	3.81164421005179	4.56431978692575	3.78549034072681	3.17255614825692	3.62794762429143	3.54106588739388	2.27644799855222	3.43874188293354	3.02302088965140	1.8353217657761
hsa-mir-654-3p	5.23741805769576	5.50760956121269	4.99053275600139	4.82317482184723	5.16822806630398	4.58754481990030	4.82317482184723	5.84351672082674	5.49389104013716	5.465686952037	5.56074801562506	4.68728338666807	4.63658649149281	4.39014337738272	4.42288358718263	5.73803178832087	5.56925055787155	5.36704570059394	4.38503210291626	5.6671280830141	5.57824426613252	5.71496340040857	5.00854370454466	4.93167626719038	4.56292017683906	4.96992422349465	5.10005947260148
hsa-mir-660	4.21569286045835	4.37107350482274	4.58754481990030	4.48290962805881	3.90416181035184	4.34336264279165	4.61351810358051	4.28830382407024	3.98594216324883	4.03115091688237	4.01028243522132	3.94176276780541	4.81406816874322	4.58424958654306	4.44045594589464	3.9376424625512	4.6837029516394	2.64465290922545	5.1090729348562	3.62794762429143	3.10102205550755	3.38781515866315	4.06019344538001	3.54106588739388	3.33472458840433	3.90416181035184	3.99723126185648
hsa-mir-664	4.48290962805881	4.24390222833724	4.08702803004491	4.06019344538001	4.02668022470829	3.96977593811295	4.11438328855721	4.06019344538001	4.16890928761476	4.37803381040723	4.00488369909559	3.91295851618605	3.6486419729978	3.86705548074844	3.85565997297450	5.64137090876249	3.79367227133053	4.20630115412603	4.00069027130723	4.99053275600139	5.14053381552198	5.18719880172673	5.62203280019586	5.79617539268005	5.6671280830141	5.64146887938306	5.46492322573649
hsa-mir-665	5.3339390048833	4.84597774961407	3.96977593811295	4.45663988006159	4.39981519927033	4.61351810358051	5.28565647074551	5.10005947260148	4.82700788867221	5.00003288843618	4.64822481068730	5.27893961759157	4.4883785100172	5.58967043118859	4.62537011932625	4.90574234760941	5.27190354374683	5.53749206137857	4.98707753021743	5.30548966235742	5.5548362890973	5.64146887938306	6.01733381652154	6.72392563896163	6.86047748964086	6.62860136151464	6.19363956160187
hsa-mir-7	6.78717264402033	8.15594279113074	9.5353882179395	10.0376493987455	10.7136282621944	9.91904294118385	9.1922435233338	8.9447001045492	9.66318540193878	9.41189197399034	9.85501276356095	9.81792240053422	9.7519877143849	8.47807680910133	9.00767236523976	9.26876985822416	9.25386012262574	9.38159590587751	8.03408675013899	10.1387525890398	10.2752638294529	9.71390154072545	10.1387525890398	9.91904294118385	9.49410757800238	9.10054686598524	9.10054686598524
hsa-mir-7-1*	5.84351672082674	5.02511743407426	4.45663988006159	4.28830382407024	4.63394589234352	4.56292017683906	4.69223796038481	4.42723660387698	4.69021396908878	4.80541862001767	4.40474545691819	4.16381353348208	4.57880249751615	5.18850136249245	4.86964503961224	4.6349655965704	5.31159788895121	4.26642969484844	4.83653871907276	3.5889956050107	4.15057501731851	4.15057501731851	4.61351810358051	4.28830382407024	4.63394589234352	4.75713795018157	4.99053275600139
hsa-mir-744	3.17255614825692	2.47488782353011	3.48758823913778	3.90416181035184	3.93487415383306	4.11438328855721	3.90416181035184	3.48758823913778	3.57927969922745	3.52173068398404	3.89738451313264	4.38684475181367	5.03741743939368	4.90093200383036	4.50196386614868	3.93246078506085	4.07481152356403	3.16563388363111	4.34288594889322	3.67439914724941	3.29048985037362	4.11438328855721	4.74071260343848	4.63394589234352	4.48290962805881	4.34336264279165	4.31364506576638
hsa-mir-744*	4.45663988006159	3.62794762429143	3.43874188293354	3.33472458840433	3.88141714722611	3.43874188293354	3.74428151172156	5.3339390048833	4.4107761347754	6.12266745243438	5.31518148277024	4.27203751591635	4.92677321881421	3.93301447153539	4.47693650649068	6.65126638693774	3.58027458339339	4.47419739718796	3.98157215010318	5.84351672082674	5.89175246319407	6.43909895206573	6.04159611574661	5.77196805471535	5.42112233812151	6.11032834869765	5.5548362890973
hsa-mir-770-5p	4.75713795018157	5.04329245529553	5.18719880172673	5.4449833933731	5.3339390048833	5.18719880172673	5.46492322573649	5.16822806630398	5.40888354376198	5.27960241173325	5.40101039023705	5.41928423598553	5.83064354106421	5.47513392671715	5.6122812330971	5.83064354106421	5.32643309993311	4.98143553054274	5.37030779526448	5.64146887938306	5.79617539268005	5.4449833933731	5.9414311050189	5.9139645035531	6.21919891075016	5.84351672082674	5.50760956121269
hsa-mir-873	5.69345244942725	5.81697166618394	5.64146887938306	6.62860136151464	6.57371157642061	6.21919891075016	5.71496340040857	5.35321683046624	5.75478378017353	5.98380385023936	6.33975988735461	6.76692207785968	6.41870077626875	6.6326374714347	6.27139653162046	5.77185262976016	6.32338668291208	6.13547824109436	5.28627412767328	5.39939977683795	5.60047831189381	5.57824426613252	5.89175246319407	6.27591330719242	6.06153469150105	5.81697166618394	5.62203280019586
hsa-mir-874	5.74298004570212	5.89175246319407	5.89175246319407	6.43909895206573	6.46667629194717	6.60010434074681	6.78717264402033	6.82772526271559	5.7712893015378	5.79541167644408	5.72644457060343	5.93133454221027	6.3753240768767	6.76496399779547	6.40290141675813	6.59733919212447	5.74469596168055	5.52206293832263	5.81611561091193	6.08303892045797	6.27591330719242	6.19363956160187	6.49690641955783	6.78717264402033	6.96416845970472	6.75692162836903	6.72392563896163
hsa-mir-877*	5.14053381552198	4.69223796038481	4.96992422349465	4.37107350482274	5.69345244942725	4.06019344538001	4.34336264279165	6.38302643866359	5.27890887548368	5.07906381346968	5.30645268778818	4.70342028276269	4.05271696343221	3.83951635359191	3.99581267683687	7.3225626111678	3.26491906391502	5.79106840880496	3.84687984336481	5.00854370454466	5.21233057807997	5.9139645035531	5.4449833933731	5.6671280830141	5.10005947260148	5.71496340040857	5.23741805769576
hsa-mir-885-5p	5.9414311050189	6.46667629194717	7.06304869853295	7.47518803514822	7.61556489252915	7.12147724874101	7.12147724874101	6.92763950398569	6.29510130903493	6.38897563137512	6.8064045284071	7.50062746237632	7.06790287658713	6.95388090351355	6.99830000642804	7.64576277886068	5.87102347231601	6.6484620414989	6.17101099052163	6.6611140673135	6.92763950398569	7.09401686031934	7.26634744387302	7.18875970673607	6.72392563896163	6.78717264402033	6.35843906046705
hsa-mir-886-3p	5.04329245529553	4.58754481990030	5.46492322573649	5.08300176727445	6.49690641955783	4.08702803004491	4.48290962805881	4.26628186385383	4.78389450758064	5.06087757422634	4.85850608908057	4.04896255340892	5.58281591728667	4.59765054863757	4.79037018837916	4.36351018014423	4.08504371972029	4.34666731908224	5.92002101159609	5.08300176727445	4.77935580158224	4.99053275600139	4.28830382407024	4.77935580158224	3.54106588739388	4.21569286045835	5.89175246319407
hsa-mir-9	11.2610334358102	11.2610334358102	10.2752638294529	9.30227677016279	10.1387525890398	9.6182239120793	9.13477331878967	8.98802427214458	10.5800923923401	10.5638493399356	10.7381166039344	9.25239018725588	10.2847813450762	9.08658969057244	9.26427584054061	8.775657497549	10.5060598085982	10.2128423437759	9.08505510363779	10.8716524737887	10.7826490639300	10.9674844946666	9.98953360796039	9.67487045125417	9.71390154072545	9.45222684870884	9.40765243468772
hsa-mir-9*	12.9645347749455	13.4165758732407	13.9397149059296	12.9645347749455	12.7061132781115	12.9645347749455	12.5095076157152	12.7061132781115	12.8813436062233	13.2365749037879	13.4625954529355	12.7521328578063	12.7533882117515	12.4649941644056	13.4638508068808	13.4638508068808	13.4613400989903	13.4613400989903	11.8897124338138	12.9645347749455	12.7061132781115	12.7061132781115	12.5095076157152	12.3284415537064	12.1737844707626	12.1737844707626	12.3284415537064
hsa-mir-92a	8.64318904452396	6.52131497380172	6.43909895206573	5.79617539268005	4.94674206044823	5.4449833933731	6.04159611574661	5.96134235366922	5.90370859084121	6.34646204553049	5.56556639226772	4.9273864202705	4.9911057412012	5.67453195554148	5.50858228582056	5.07633204023073	6.34227390866779	5.06942366665661	6.73275049483756	5.81697166618394	5.12435337097261	5.6671280830141	5.37717125376114	5.30548966235742	5.5548362890973	5.89175246319407	5.9414311050189
hsa-mir-93	8.40879106689276	7.09401686031934	6.4086434191552	5.74298004570212	5.57824426613252	5.62203280019586	5.86165751658409	5.30548966235742	6.46869614811386	6.78166036264356	5.98603501210403	5.38610609873918	5.65235501291763	5.44563407564863	5.45015015564002	4.83120467951760	7.01307133179374	5.71879633268594	6.1551064921873	6.32730168086776	6.38302643866359	6.60010434074681	6.43909895206573	6.11032834869765	6.24944313331877	6.29796767608544	6.06153469150105
hsa-mir-933	4.99053275600139	4.54140280706711	3.78549034072681	3.85346837942231	3.78549034072681	3.81923514937574	3.81923514937574	3.7057208578343	3.66287146578506	4.05201293887552	2.97637933670361	3.29166460965849	3.17289714679571	3.38927752384334	3.44760025144892	3.63130903440614	3.42137230350483	3.90613666337862	3.29176060289623	4.08702803004491	4.42723660387698	3.7057208578343	3.96977593811295	4.37107350482274	4.26628186385383	4.18410918001999	4.06019344538001
hsa-mir-939	6.32730168086776	6.13760332956926	6.29796767608544	6.49690641955783	5.9414311050189	5.89175246319407	6.11032834869765	5.9139645035531	5.60913223467218	5.95251056758176	5.75568460750803	6.9215799655223	5.85501303172685	5.70921930740167	5.85501303172685	5.6855499814233	5.61846539439688	6.89802847720451	6.22118418188184	5.74298004570212	5.9139645035531	5.37717125376114	5.9139645035531	6.01733381652154	5.96134235366922	5.79617539268005	5.77196805471535
hsa-mir-940	6.16836192453346	5.79617539268005	5.52669862643812	5.62203280019586	5.9139645035531	5.81697166618394	5.60047831189381	5.71496340040857	5.26109121822284	5.514422933147	5.26907063828463	5.82982399831896	5.24750867842602	5.28079111661659	5.31299080233006	5.34308574894004	4.91614258777329	5.57239400041083	5.03811182645037	5.77196805471535	6.19363956160187	5.79617539268005	5.69345244942725	6.08303892045797	6.08303892045797	5.96134235366922	5.81697166618394
hsa-mir-95	7.09401686031934	7.39683890699212	7.26634744387302	6.60010434074681	6.72392563896163	6.92763950398569	6.72392563896163	6.78717264402033	7.07012079820003	7.13318470173209	6.83399258520013	6.04317787912687	6.72557581936868	6.75928383902581	6.8823931069909	6.64678645242359	7.3661365839793	6.81858805281677	6.29959196798629	7.0023443202061	7.09401686031934	7.06304869853295	7.2350097062328	6.89732813287468	7.06304869853295	7.26634744387302	7.39683890699212
hsa-mir-98	7.18875970673607	6.96416845970472	6.89732813287468	6.68844426225521	7.12147724874101	7.2350097062328	6.96416845970472	7.12147724874101	7.14958051640013	7.10104787472312	7.42684175728671	6.91175117568548	7.24337909897708	7.42327179839581	7.43514315496425	7.0361322676414	7.30701845210666	6.92407450395076	7.64806528959927	7.648063868121	7.67771372051938	7.67771372051938	7.57500923439739	7.67771372051938	7.84181913077917	7.57500923439739	7.67771372051938
hsa-mir-99a	10.4894315991078	10.3834233677284	9.98953360796039	9.45222684870884	9.45222684870884	9.45222684870884	9.71390154072545	9.57536605592213	9.89956371097668	10.0487826920561	9.72437513161935	9.31696570685553	9.5005578452178	9.40413768101867	9.46058000723517	9.60006224054985	10.2782917844653	8.70646773775348	9.0871119400707	9.67487045125417	9.6182239120793	9.78382784207573	9.71390154072545	9.45222684870884	9.5353882179395	9.6182239120793	9.78382784207573
hsa-mir-99b	7.0023443202061	7.06304869853295	6.92763950398569	6.86047748964086	6.86047748964086	7.06304869853295	7.06304869853295	6.57371157642061	6.65605443614666	6.84581634674839	6.52482765319642	6.52742976263943	6.57446606068915	6.20845277895604	6.54195335489028	5.77500950995973	6.91402648168652	6.1800265393027	6.52752699530775	7.15593251569189	7.39683890699212	7.18875970673607	7.12147724874101	7.47518803514822	7.36498190866277	7.29652587244388	7.09401686031934
