ID_REF	Hsa_PFC_3days	Hsa_PFC_5days	Hsa_PFC_95days	Hsa_PFC_788days	Hsa_PFC_1631days	Hsa_PFC_9278days	Hsa_PFC_24091days	Hsa_PFC_32121days	Hsa_PFC_20days	Hsa_PFC_35days	Hsa_PFC_444days	Hsa_PFC_29201days	Ptr_PFC_1days	Ptr_PFC_2days	Ptr_PFC_40days	Ptr_PFC_2314days	Ptr_PFC_4362days	Ptr_PFC_12785days	Ptr_PFC_16132days	Mml_PFC_2days	Mml_PFC_8days	Mml_PFC_17days	Mml_PFC_450days	Mml_PFC_1488days	Mml_PFC_8105days	Mml_PFC_10221days
hsa-let-7a	13.9153289591838	14.8213205549134	14.2714601311404	14.2714601311404	14.5448948672520	14.5448948672520	14.5448948672520	14.5448948672520	14.5448948672520	14.2714601311404	14.8213205549134	14.5448948672520	14.8213205549134	14.5448948672520	14.8213205549134	14.5448948672520	14.5448948672520	14.5448948672520	14.5448948672520	14.5448948672520	14.8213205549134	14.8213205549134	14.2714601311404	13.9153289591838	14.2714601311404	14.2714601311404
hsa-let-7b	13.0719513736884	14.5448948672520	14.5448948672520	14.5448948672520	14.2714601311404	14.2714601311404	14.2714601311404	14.2714601311404	14.8213205549134	14.5448948672520	14.5448948672520	14.2714601311404	14.5448948672520	14.8213205549134	14.5448948672520	14.2714601311404	14.2714601311404	14.2714601311404	13.9153289591838	13.9153289591838	13.9153289591838	13.9153289591838	13.9153289591838	13.6159980224520	13.9153289591838	13.9153289591838
hsa-let-7b*	2.4274468214374	3.29819958731285	3.76521954107341	3.47823875803409	2.10109710301324	3.29819958731285	3.86478453363312	3.95625287735424	3.62884286697616	3.72538309946907	2.10109710301324	3.06203846148223	3.43295136651399	3.06203846148223	3.14207992388477	3.57010675960795	4.68207072335294	4.13675371196785	3.43295136651399	3.14207992388477	3.22772194426707	2.54145227304874	3.89705773287839	2.67649831715706	4.47785631034789	3.95625287735424
hsa-let-7c	12.5801306576247	12.4480603151170	12.2168660637331	12.0338957905796	12.1212729359253	12.1212729359253	11.8074749683145	11.7174178830425	12.4480603151170	12.2168660637331	12.4480603151170	12.0338957905796	12.3377761033270	12.2168660637331	12.5801306576247	12.1212729359253	12.2168660637331	12.0338957905796	11.8911939289017	12.5801306576247	12.5801306576247	12.3377761033270	12.1212729359253	11.8911939289017	11.8911939289017	12.0338957905796
hsa-let-7d	10.4010807421712	10.7282591010705	10.6457405924831	11.3087485503614	11.1327195172949	11.5884964466149	11.1327195172949	11.2029330911024	10.7282591010705	10.0715442095407	11.3955066447865	11.3955066447865	10.5425821951776	10.4833250058060	10.8796741939200	11.3087485503614	11.5884964466149	11.3087485503614	11.3087485503614	10.5997043219904	10.8052169460674	10.5997043219904	11.3955066447865	11.1327195172949	11.5062780847910	11.5884964466149
hsa-let-7d*	3.76521954107341	1.85227402291766	3.37680338998746	2.10109710301324	2.31344136982606	2.10109710301324	2.67649831715706	4.44277839175434	3.14207992388477	3.06203846148223	1.85227402291766	3.14207992388477	4.27677212313998	3.47823875803409	1.32065637257191	3.81152022855147	4.87089185138829	4.44277839175434	3.22772194426707	1.85227402291766	1.32065637257191	1.32065637257191	3.62884286697616	2.10109710301324	4.07473614184418	3.92307128038919
hsa-let-7e	11.8074749683145	11.7174178830425	11.8911939289017	12.4480603151170	12.3377761033270	12.3377761033270	12.0338957905796	11.3955066447865	11.7174178830425	11.5062780847910	12.5801306576247	12.1212729359253	11.7174178830425	11.5062780847910	11.8074749683145	12.2168660637331	12.3377761033270	12.2168660637331	12.0338957905796	11.3955066447865	11.5884964466149	11.3955066447865	12.4480603151170	11.8074749683145	12.1212729359253	12.1212729359253
hsa-let-7f	12.8024832320087	13.6159980224520	13.6159980224520	13.0719513736884	13.9153289591838	13.9153289591838	13.6159980224520	13.6159980224520	13.6159980224520	13.0719513736884	13.9153289591838	13.6159980224520	13.3407856754275	13.0719513736884	13.6159980224520	13.6159980224520	13.6159980224520	13.6159980224520	13.6159980224520	13.0719513736884	13.0719513736884	13.0719513736884	13.3407856754275	13.3407856754275	13.6159980224520	13.6159980224520
hsa-let-7g	11.8911939289017	11.8911939289017	12.3377761033270	12.5801306576247	12.5801306576247	12.5801306576247	12.3377761033270	12.1212729359253	12.0338957905796	11.7174178830425	12.8024832320087	12.4480603151170	12.1212729359253	11.8911939289017	12.2168660637331	12.8024832320087	12.5801306576247	12.5801306576247	12.2168660637331	11.8911939289017	12.1212729359253	12.0338957905796	12.5801306576247	12.0338957905796	12.5801306576247	12.5801306576247
hsa-let-7i	12.1212729359253	12.2168660637331	12.8024832320087	13.3407856754275	13.0719513736884	13.0719513736884	12.8024832320087	12.2168660637331	12.3377761033270	12.0338957905796	13.3407856754275	12.8024832320087	12.4480603151170	12.3377761033270	12.8024832320087	13.0719513736884	13.0719513736884	12.8024832320087	12.1212729359253	11.8074749683145	12.0338957905796	12.1212729359253	12.8024832320087	12.4480603151170	12.2168660637331	11.8074749683145
hsa-mir-100	10.8796741939200	10.1850663638957	9.0854166351215	9.37686405317471	9.27366229691883	9.32036061399813	9.04221993721339	10.0200052502209	10.4010807421712	10.5997043219904	9.22485550076312	9.53846029127637	10.0715442095407	10.3372865946554	10.1850663638957	9.13172433566852	9.13172433566852	9.32036061399813	9.32036061399813	9.32036061399813	9.32036061399813	9.37686405317471	8.76304021341804	8.71792704673458	8.67425127522307	8.9930420448055
hsa-mir-101	7.72802787894801	9.18225430288611	9.5711292898228	9.46312372826272	9.79974276141585	9.96265661623385	10.0200052502209	9.53846029127637	9.22485550076312	8.49182739279686	9.46312372826272	9.83632387353657	9.27366229691883	9.0854166351215	9.62787066937554	9.67801349936707	9.79974276141585	9.62787066937554	9.88467136427171	9.53846029127637	9.5711292898228	9.62787066937554	9.75009203695714	10.0715442095407	9.75009203695714	9.96265661623385
hsa-mir-103	11.5884964466149	10.8052169460674	10.8052169460674	11.0487775262785	11.2029330911024	11.3955066447865	11.0487775262785	11.1327195172949	10.6457405924831	10.9516301378639	11.5062780847910	10.8796741939200	10.4833250058060	10.6457405924831	10.8052169460674	11.5062780847910	11.3955066447865	11.3955066447865	11.0487775262785	10.9516301378639	10.9516301378639	10.8796741939200	11.2029330911024	11.2029330911024	11.3087485503614	11.1327195172949
hsa-mir-106b	9.49887860801741	11.1327195172949	9.96265661623385	9.32036061399813	8.85817481676535	8.81332999342433	8.71792704673458	8.71792704673458	11.0487775262785	9.62787066937554	9.32036061399813	8.76304021341804	10.6457405924831	11.1327195172949	10.4833250058060	8.11137875448352	8.3376498541775	8.17025307315352	8.26627116913142	10.3372865946554	10.2900177980455	10.2459252698273	8.81332999342433	8.90462784143776	8.64038375422617	8.81332999342433
hsa-mir-107	11.5062780847910	10.5997043219904	10.8796741939200	11.2029330911024	11.3087485503614	11.5062780847910	11.3955066447865	10.9516301378639	10.5997043219904	10.4010807421712	11.5884964466149	11.3087485503614	10.8052169460674	10.7282591010705	10.9516301378639	11.8911939289017	11.8074749683145	11.5062780847910	11.5062780847910	11.2029330911024	11.1327195172949	11.3087485503614	11.5884964466149	11.3087485503614	11.7174178830425	11.5062780847910
hsa-mir-1185	4.20570447873052	1.85227402291766	2.67649831715706	3.37680338998746	3.99800085419345	4.40163072119018	4.63307737877882	3.43295136651399	2.10109710301324	2.31344136982606	3.43295136651399	4.07473614184418	3.06203846148223	1.97668556296545	2.10109710301324	3.99800085419345	3.86478453363312	3.57010675960795	4.44277839175434	4.13675371196785	4.03497691583707	3.84418200141811	3.99800085419345	4.31575813401316	4.31575813401316	3.89705773287839
hsa-mir-1202	11.2029330911024	9.22485550076312	9.92220393797077	8.17025307315352	8.40306921870205	8.60405694162878	9.18225430288611	11.0487775262785	10.4833250058060	10.7282591010705	8.3376498541775	8.46355873005622	8.3376498541775	9.13172433566852	8.4387462525084	7.85495846731133	9.0854166351215	9.67801349936707	8.67425127522307	8.13719290895066	8.24490440841454	8.20827885605528	8.26627116913142	8.29541000174369	8.03016640696709	8.3376498541775
hsa-mir-1225-3p	4.40163072119018	4.34494941860666	4.92012689137222	4.22661388487495	3.22772194426707	3.86478453363312	4.16064712430838	4.47785631034789	4.44277839175434	4.92012689137222	3.99800085419345	3.95625287735424	3.72538309946907	3.72538309946907	4.20570447873052	3.92307128038919	4.89264856758623	4.25127837461800	3.84418200141811	4.37408657363993	4.37408657363993	3.99800085419345	4.80228323168208	3.84418200141811	5.1167164592785	4.58652528946436
hsa-mir-1225-5p	7.567380719577	6.81183111182261	7.34091973088944	6.15238248144734	6.1740686283511	6.68697183539512	6.72514698316461	9.0854166351215	8.3376498541775	8.3376498541775	6.3291368779714	6.2395123570302	6.2395123570302	8.20827885605528	7.30140907340788	6.68697183539512	7.15126047813576	8.95271627464892	6.72514698316461	7.15126047813576	6.37022419548633	6.9355654563227	5.732014267821	7.76551407554683	5.39841928885068	5.93012651400785
hsa-mir-124	13.6159980224520	14.2714601311404	14.8213205549134	14.8213205549134	14.8213205549134	14.8213205549134	14.8213205549134	14.8213205549134	14.2714601311404	12.8024832320087	14.2714601311404	14.8213205549134	13.9153289591838	13.6159980224520	14.2714601311404	14.8213205549134	14.8213205549134	14.8213205549134	14.8213205549134	14.2714601311404	14.5448948672520	14.2714601311404	14.5448948672520	14.8213205549134	14.8213205549134	14.5448948672520
hsa-mir-124*	2.4274468214374	3.92307128038919	3.57010675960795	3.81152022855147	4.13675371196785	4.65556758637233	4.61121099393819	2.86403465501792	3.29819958731285	2.67649831715706	4.22661388487495	3.76521954107341	5.98019998056133	4.31575813401316	4.10849098687171	4.13675371196785	3.89705773287839	4.03497691583707	5.95246112985373	5.65502727016148	5.26649100160349	6.1740686283511	4.56007041177348	5.16111522891168	4.97172681609454	4.68207072335294
hsa-mir-1246	7.15126047813576	6.68697183539512	5.13889866753532	3.52938980491551	5.51431656141725	4.52741964211989	2.10109710301324	6.6635521145336	6.6635521145336	6.53780051458316	5.1167164592785	3.43295136651399	4.92012689137222	7.80401459991894	7.37013514948856	5.732014267821	2.86403465501792	6.27047938304547	3.95625287735424	4.89264856758623	3.52938980491551	5.8389001846888	2.97472080452864	4.10849098687171	2.67649831715706	2.67649831715706
hsa-mir-1249	4.92012689137222	5.3460098384605	5.60216421516696	5.1167164592785	4.61121099393819	5.03893530305848	5.39841928885068	6.00611265066434	5.29348177918514	5.60216421516696	4.50708646846921	5.51431656141725	4.78237149767193	5.51431656141725	5.24806606597503	4.71623836896883	5.46944608050562	5.08977698004948	5.1167164592785	4.92012689137222	4.89264856758623	4.80228323168208	5.54571370426671	5.1167164592785	5.4878925467926	5.69739679527349
hsa-mir-125a-3p	4.13675371196785	5.98019998056133	6.15238248144734	5.39841928885068	5.18750667173882	5.56981342219697	5.4878925467926	5.16111522891168	6.51350290183844	7.09251931133412	5.80266281328109	5.29348177918514	4.65556758637233	5.29348177918514	4.27677212313998	4.99453480436768	5.13889866753532	4.80228323168208	4.03497691583707	4.58652528946436	4.47785631034789	4.58652528946436	4.92012689137222	5.08977698004948	5.08977698004948	4.87089185138829
hsa-mir-125a-5p	9.32036061399813	9.49887860801741	9.46312372826272	9.49887860801741	9.22485550076312	9.27366229691883	8.76304021341804	8.40306921870205	9.46312372826272	8.81332999342433	9.37686405317471	8.95271627464892	9.5711292898228	9.37686405317471	9.18225430288611	9.27366229691883	9.5711292898228	9.37686405317471	9.0854166351215	9.04221993721339	9.18225430288611	9.0854166351215	9.46312372826272	9.32036061399813	9.46312372826272	9.32036061399813
hsa-mir-125b	13.3407856754275	12.3377761033270	12.1212729359253	11.8911939289017	12.4480603151170	12.8024832320087	12.5801306576247	12.5801306576247	12.1212729359253	12.4480603151170	12.1212729359253	12.2168660637331	12.2168660637331	12.0338957905796	12.4480603151170	12.4480603151170	12.4480603151170	12.4480603151170	12.4480603151170	12.4480603151170	12.3377761033270	12.4480603151170	12.2168660637331	12.2168660637331	12.4480603151170	12.4480603151170
hsa-mir-125b-2*	5.37441037737761	5.37441037737761	5.3237344617098	5.60216421516696	5.44492663731002	5.8389001846888	5.80266281328109	5.29348177918514	5.3237344617098	5.44492663731002	5.46944608050562	5.87056526657268	5.77786072890982	5.44492663731002	5.22207533034979	5.41790987309475	5.18750667173882	5.26649100160349	5.3460098384605	5.69739679527349	5.51431656141725	5.60216421516696	5.6251960471347	5.75085714204676	5.77786072890982	6.05641148794639
hsa-mir-126	10.3372865946554	8.9930420448055	8.52676025420413	8.9930420448055	8.9930420448055	9.04221993721339	8.85817481676535	9.22485550076312	8.20827885605528	9.32036061399813	9.13172433566852	9.22485550076312	9.53846029127637	9.27366229691883	9.0854166351215	8.81332999342433	8.71792704673458	8.85817481676535	9.18225430288611	9.67801349936707	9.27366229691883	9.41355556251935	9.18225430288611	9.37686405317471	9.13172433566852	9.53846029127637
hsa-mir-127-3p	8.37623698140761	7.26017900367921	7.63130034375897	7.80401459991894	8.37623698140761	8.26627116913142	8.20827885605528	8.24490440841454	6.96202483843217	6.63282618208263	8.17025307315352	8.17025307315352	7.26017900367921	7.01465997975448	6.83954740450232	8.3376498541775	8.00031636539184	7.97021760745513	8.3376498541775	7.66001593831864	7.4834266052292	7.22615937071477	7.66001593831864	7.72802787894801	7.66001593831864	7.44412676062934
hsa-mir-1271	5.1167164592785	6.39472283844694	4.99453480436768	5.13889866753532	4.27677212313998	4.71623836896883	4.34494941860666	4.34494941860666	6.00611265066434	5.3237344617098	4.83549219492512	4.75275342197697	6.39472283844694	6.27047938304547	5.90700757363889	4.89264856758623	4.75275342197697	4.47785631034789	4.07473614184418	5.39841928885068	5.732014267821	5.95246112985373	4.68207072335294	4.37408657363993	4.83549219492512	4.97172681609454
hsa-mir-128	12.3377761033270	11.3087485503614	11.8074749683145	11.3955066447865	12.0338957905796	11.7174178830425	11.2029330911024	10.8796741939200	11.5062780847910	10.1231919100548	11.8911939289017	10.8052169460674	11.3955066447865	11.3087485503614	11.1327195172949	11.1327195172949	11.5062780847910	11.5884964466149	11.1327195172949	11.7174178830425	11.8074749683145	11.7174178830425	11.5062780847910	11.5884964466149	11.1327195172949	11.3087485503614
hsa-mir-129*	6.78712562152565	6.6635521145336	8.85817481676535	9.27366229691883	9.49887860801741	9.83632387353657	9.5711292898228	8.29541000174369	6.1740686283511	6.12372287096169	9.5711292898228	9.18225430288611	7.39425041913974	5.67781360303704	8.11137875448352	8.95271627464892	8.81332999342433	9.13172433566852	8.9930420448055	8.29541000174369	8.49182739279686	8.4387462525084	9.41355556251935	9.46312372826272	8.9930420448055	8.71792704673458
hsa-mir-129-3p	11.1327195172949	8.07089187361087	8.20827885605528	10.9516301378639	11.3955066447865	11.8074749683145	11.3087485503614	10.6457405924831	8.00031636539184	7.88733411312632	9.62787066937554	11.0487775262785	8.29541000174369	7.4834266052292	8.67425127522307	11.3955066447865	10.8796741939200	10.8796741939200	10.9516301378639	8.52676025420413	8.60405694162878	8.40306921870205	11.8074749683145	12.1212729359253	11.3955066447865	12.2168660637331
hsa-mir-129-5p	8.03016640696709	6.27047938304547	8.3376498541775	9.41355556251935	9.0854166351215	9.22485550076312	9.46312372826272	8.52676025420413	6.15238248144734	6.08771020167302	8.37623698140761	9.13172433566852	6.8744848884926	5.732014267821	6.81183111182261	8.9930420448055	8.76304021341804	8.56820637623883	8.46355873005622	7.12815050823727	7.26017900367921	6.78712562152565	9.04221993721339	9.67801349936707	9.0854166351215	9.37686405317471
hsa-mir-1296	2.4274468214374	3.86478453363312	3.47823875803409	3.29819958731285	2.78679809157724	3.14207992388477	3.57010675960795	4.10849098687171	2.78679809157724	2.97472080452864	2.78679809157724	3.37680338998746	2.10109710301324	1.97668556296545	2.54145227304874	4.34494941860666	5.22207533034979	4.34494941860666	2.97472080452864	2.10109710301324	2.67649831715706	2.10109710301324	4.31575813401316	3.57010675960795	4.71623836896883	4.37408657363993
hsa-mir-130a	11.3087485503614	11.5884964466149	10.7282591010705	9.83632387353657	9.96265661623385	9.79974276141585	9.83632387353657	9.13172433566852	11.3955066447865	10.2900177980455	10.1850663638957	9.75009203695714	11.5062780847910	11.5884964466149	11.5062780847910	9.79974276141585	9.67801349936707	9.75009203695714	9.37686405317471	10.8052169460674	10.5997043219904	10.8052169460674	9.27366229691883	9.22485550076312	9.32036061399813	9.13172433566852
hsa-mir-130b	8.26627116913142	9.67801349936707	8.46355873005622	7.4834266052292	6.8744848884926	6.9897843190678	6.39472283844694	5.95246112985373	9.41355556251935	8.24490440841454	7.39425041913974	7.26017900367921	8.85817481676535	9.18225430288611	8.40306921870205	7.22615937071477	6.90516932580962	6.37022419548633	6.2395123570302	9.41355556251935	9.22485550076312	9.18225430288611	6.15238248144734	6.08771020167302	5.732014267821	5.37441037737761
hsa-mir-133b	5.22207533034979	5.95246112985373	4.97172681609454	5.37441037737761	5.41790987309475	5.1167164592785	4.83549219492512	4.25127837461800	5.93012651400785	5.69739679527349	5.22207533034979	4.92012689137222	5.54571370426671	5.93012651400785	6.1740686283511	5.60216421516696	5.03893530305848	4.87089185138829	5.16111522891168	5.52789235917472	5.41790987309475	5.90700757363889	6.1072892986292	5.90700757363889	5.44492663731002	5.75085714204676
hsa-mir-135b	8.13719290895066	7.76551407554683	7.567380719577	8.26627116913142	8.46355873005622	8.85817481676535	8.26627116913142	7.63130034375897	7.04693925866644	6.1740686283511	9.27366229691883	7.72802787894801	8.20827885605528	7.22615937071477	7.9369676460693	6.96202483843217	7.85495846731133	6.9355654563227	8.11137875448352	8.81332999342433	8.9930420448055	8.81332999342433	6.55992937826426	7.01465997975448	7.76551407554683	8.90462784143776
hsa-mir-136	6.81183111182261	7.44412676062934	7.9369676460693	7.69897693239407	8.00031636539184	8.07089187361087	8.64038375422617	7.26017900367921	6.45672257747682	6.51350290183844	6.9897843190678	8.00031636539184	7.30140907340788	6.6635521145336	6.9355654563227	8.00031636539184	7.80401459991894	7.88733411312632	8.4387462525084	8.00031636539184	8.03016640696709	7.9369676460693	7.76551407554683	8.24490440841454	8.26627116913142	7.66001593831864
hsa-mir-136*	5.29348177918514	5.16111522891168	5.44492663731002	5.80266281328109	6.55992937826426	6.6635521145336	6.55992937826426	5.44492663731002	4.71623836896883	4.34494941860666	5.93012651400785	6.05641148794639	5.03893530305848	3.84418200141811	4.95159303521229	6.2395123570302	5.87056526657268	5.87056526657268	6.12372287096169	5.06522103473643	5.3460098384605	5.44492663731002	5.89211531294467	5.6251960471347	6.08771020167302	5.90700757363889
hsa-mir-138	6.39472283844694	4.89264856758623	4.68207072335294	4.75275342197697	4.87089185138829	4.80228323168208	4.58652528946436	4.07473614184418	4.68207072335294	6.90516932580962	4.58652528946436	4.27677212313998	4.56007041177348	4.99453480436768	5.08977698004948	4.58652528946436	3.67973450159566	4.10849098687171	4.50708646846921	5.41790987309475	5.18750667173882	5.51431656141725	5.26649100160349	5.56981342219697	5.22207533034979	4.56007041177348
hsa-mir-139-5p	5.80266281328109	3.95625287735424	3.99800085419345	4.50708646846921	3.89705773287839	3.37680338998746	3.84418200141811	4.71623836896883	3.67973450159566	5.41790987309475	4.07473614184418	4.25127837461800	4.16064712430838	4.25127837461800	4.40163072119018	4.03497691583707	3.84418200141811	3.67973450159566	3.67973450159566	3.06203846148223	1.85227402291766	3.29819958731285	3.57010675960795	4.13675371196785	4.78237149767193	5.54571370426671
hsa-mir-140-3p	6.45672257747682	7.85495846731133	8.26627116913142	7.85495846731133	7.5950744592112	7.9369676460693	7.9369676460693	7.76551407554683	7.5950744592112	7.5950744592112	8.11137875448352	8.03016640696709	7.63130034375897	7.63130034375897	7.80401459991894	7.80401459991894	7.44412676062934	7.567380719577	7.69897693239407	7.567380719577	7.39425041913974	7.4834266052292	7.63130034375897	8.03016640696709	7.69897693239407	7.85495846731133
hsa-mir-140-5p	7.51756277963785	8.60405694162878	8.81332999342433	8.3376498541775	8.26627116913142	8.52676025420413	8.29541000174369	8.03016640696709	8.24490440841454	8.56820637623883	8.49182739279686	8.52676025420413	8.49182739279686	8.29541000174369	8.60405694162878	8.52676025420413	8.07089187361087	8.11137875448352	8.20827885605528	8.07089187361087	8.3376498541775	8.13719290895066	8.37623698140761	7.9369676460693	8.52676025420413	8.37623698140761
hsa-mir-142-3p	4.61121099393819	5.29348177918514	4.65556758637233	4.89264856758623	4.58652528946436	4.63307737877882	4.87089185138829	5.1167164592785	3.84418200141811	5.80266281328109	3.92307128038919	5.13889866753532	4.34494941860666	4.37408657363993	4.03497691583707	4.10849098687171	4.10849098687171	3.84418200141811	5.06522103473643	5.13889866753532	4.80228323168208	5.03893530305848	4.75275342197697	4.58652528946436	4.61121099393819	4.83549219492512
hsa-mir-144	4.75275342197697	6.00611265066434	6.1072892986292	5.89211531294467	4.80228323168208	5.95246112985373	3.89705773287839	4.89264856758623	4.25127837461800	5.8389001846888	4.97172681609454	5.65502727016148	6.3291368779714	5.3237344617098	6.2395123570302	4.68207072335294	4.71623836896883	4.63307737877882	5.24806606597503	6.8744848884926	6.00611265066434	6.6635521145336	4.40163072119018	4.20570447873052	4.16064712430838	4.71623836896883
hsa-mir-145	5.4878925467926	4.68207072335294	3.72538309946907	5.01743750565684	5.52789235917472	5.54571370426671	5.26649100160349	5.18750667173882	3.81152022855147	5.65502727016148	5.3237344617098	5.03893530305848	5.3460098384605	4.95159303521229	5.44492663731002	5.06522103473643	4.31575813401316	4.83549219492512	5.60216421516696	5.44492663731002	5.67781360303704	5.37441037737761	5.8389001846888	6.3291368779714	5.75085714204676	6.12372287096169
hsa-mir-148a	6.3489378066451	7.12815050823727	5.8389001846888	5.6251960471347	5.46944608050562	5.26649100160349	4.89264856758623	4.37408657363993	6.90516932580962	6.2395123570302	5.18750667173882	4.56007041177348	6.75721672212904	6.68697183539512	6.53780051458316	4.22661388487495	3.95625287735424	4.31575813401316	4.37408657363993	5.89211531294467	6.63282618208263	6.45672257747682	5.69739679527349	5.732014267821	5.6251960471347	6.08771020167302
hsa-mir-148b	5.90700757363889	6.90516932580962	6.63282618208263	6.63282618208263	6.9897843190678	6.96202483843217	6.58126166568209	6.3489378066451	6.39472283844694	6.55992937826426	6.8744848884926	6.90516932580962	6.9355654563227	6.75721672212904	6.8744848884926	6.9355654563227	6.39472283844694	6.6635521145336	6.8744848884926	6.9355654563227	6.90516932580962	7.09251931133412	6.81183111182261	6.75721672212904	6.96202483843217	6.9897843190678
hsa-mir-149	8.64038375422617	8.20827885605528	7.26017900367921	7.44412676062934	7.18310262644916	8.11137875448352	8.13719290895066	7.4834266052292	7.51756277963785	7.12815050823727	7.04693925866644	7.85495846731133	8.13719290895066	8.11137875448352	7.4834266052292	8.26627116913142	8.46355873005622	8.64038375422617	8.40306921870205	8.37623698140761	8.11137875448352	8.00031636539184	8.4387462525084	8.20827885605528	9.18225430288611	9.04221993721339
hsa-mir-150	5.75085714204676	4.83549219492512	4.50708646846921	5.93012651400785	5.26649100160349	5.51431656141725	5.24806606597503	5.26649100160349	4.52741964211989	5.56981342219697	5.37441037737761	5.39841928885068	5.24806606597503	4.61121099393819	4.65556758637233	5.1167164592785	5.24806606597503	5.01743750565684	5.54571370426671	5.98019998056133	5.39841928885068	6.05641148794639	6.05641148794639	6.1740686283511	5.8389001846888	6.3489378066451
hsa-mir-151-3p	6.3291368779714	6.96202483843217	6.78712562152565	6.75721672212904	6.6635521145336	6.45672257747682	6.05641148794639	6.53780051458316	6.83954740450232	7.72802787894801	6.49169378208177	6.60783220958397	6.83954740450232	6.63282618208263	6.3291368779714	6.37022419548633	6.72514698316461	6.53780051458316	5.77786072890982	6.53780051458316	6.60783220958397	6.42317427380081	6.1740686283511	6.51350290183844	6.02656959332406	6.1072892986292
hsa-mir-151-5p	9.53846029127637	9.96265661623385	9.83632387353657	9.96265661623385	9.5711292898228	9.41355556251935	9.41355556251935	9.83632387353657	9.88467136427171	10.8796741939200	9.53846029127637	9.62787066937554	9.96265661623385	9.79974276141585	9.5711292898228	9.32036061399813	9.46312372826272	9.27366229691883	9.13172433566852	9.5711292898228	9.67801349936707	9.67801349936707	9.37686405317471	8.85817481676535	9.04221993721339	9.27366229691883
hsa-mir-152	2.4274468214374	3.14207992388477	1.32065637257191	2.67649831715706	2.86403465501792	2.97472080452864	1.85227402291766	2.31344136982606	3.22772194426707	4.13675371196785	3.06203846148223	1.85227402291766	4.31575813401316	3.62884286697616	4.50708646846921	2.67649831715706	2.10109710301324	2.86403465501792	2.86403465501792	3.47823875803409	4.31575813401316	4.27677212313998	3.22772194426707	3.62884286697616	2.86403465501792	3.22772194426707
hsa-mir-153	7.69897693239407	7.51756277963785	7.04693925866644	7.39425041913974	7.34091973088944	7.34091973088944	7.30140907340788	6.49169378208177	7.26017900367921	6.02656959332406	7.34091973088944	7.30140907340788	7.85495846731133	6.72514698316461	7.09251931133412	7.09251931133412	6.81183111182261	7.01465997975448	7.30140907340788	7.22615937071477	7.15126047813576	7.80401459991894	7.44412676062934	6.60783220958397	7.44412676062934	7.39425041913974
hsa-mir-154	5.26649100160349	4.97172681609454	5.1167164592785	5.732014267821	6.27047938304547	6.37022419548633	6.1072892986292	5.46944608050562	4.40163072119018	4.25127837461800	6.05641148794639	6.00611265066434	3.84418200141811	2.97472080452864	3.67973450159566	5.93012651400785	5.29348177918514	5.29348177918514	5.4878925467926	5.80266281328109	5.77786072890982	5.93012651400785	6.45672257747682	6.68697183539512	6.8744848884926	6.63282618208263
hsa-mir-15a	9.46312372826272	11.5062780847910	11.5884964466149	10.8796741939200	10.9516301378639	10.4833250058060	10.8052169460674	10.5997043219904	11.2029330911024	10.5425821951776	10.9516301378639	10.6457405924831	11.3087485503614	11.3955066447865	11.3955066447865	10.4833250058060	10.5425821951776	10.0715442095407	10.5425821951776	11.0487775262785	11.3087485503614	10.9516301378639	10.1231919100548	9.79974276141585	9.92220393797077	9.75009203695714
hsa-mir-15b	10.0715442095407	11.3955066447865	9.67801349936707	9.0854166351215	8.3376498541775	8.56820637623883	8.52676025420413	8.4387462525084	11.1327195172949	10.1850663638957	8.90462784143776	8.85817481676535	10.9516301378639	11.0487775262785	10.5425821951776	7.97021760745513	8.64038375422617	8.20827885605528	8.95271627464892	10.4010807421712	10.4010807421712	10.4010807421712	8.85817481676535	8.26627116913142	8.81332999342433	9.0854166351215
hsa-mir-16	11.3955066447865	13.0719513736884	12.5801306576247	12.3377761033270	11.8074749683145	11.8911939289017	11.8911939289017	11.5884964466149	12.8024832320087	12.1212729359253	12.2168660637331	11.7174178830425	12.5801306576247	12.1212729359253	12.3377761033270	11.7174178830425	11.8911939289017	11.1327195172949	11.3955066447865	12.2168660637331	12.2168660637331	12.2168660637331	11.3087485503614	11.0487775262785	11.0487775262785	11.2029330911024
hsa-mir-181a	10.4833250058060	10.8796741939200	12.4480603151170	12.1212729359253	11.5884964466149	10.8796741939200	10.9516301378639	10.7282591010705	10.8796741939200	11.8911939289017	12.3377761033270	10.4833250058060	10.7282591010705	10.8052169460674	11.7174178830425	11.0487775262785	10.8052169460674	10.7282591010705	10.4010807421712	12.0338957905796	11.7174178830425	11.8911939289017	11.8911939289017	11.7174178830425	10.8796741939200	10.6457405924831
hsa-mir-181a*	5.18750667173882	6.30070203222761	6.68697183539512	5.90700757363889	5.95246112985373	5.18750667173882	4.99453480436768	4.20570447873052	5.52789235917472	6.78712562152565	6.72514698316461	4.58652528946436	6.55992937826426	5.98019998056133	6.45672257747682	5.3237344617098	5.01743750565684	4.71623836896883	5.44492663731002	7.01465997975448	7.04693925866644	6.8744848884926	6.63282618208263	6.42317427380081	5.51431656141725	5.1167164592785
hsa-mir-181a-2*	3.99800085419345	5.01743750565684	3.29819958731285	4.25127837461800	3.95625287735424	4.58652528946436	4.44277839175434	3.52938980491551	4.37408657363993	5.13889866753532	2.97472080452864	3.92307128038919	4.61121099393819	5.22207533034979	3.72538309946907	2.10109710301324	2.78679809157724	1.85227402291766	2.54145227304874	5.1167164592785	4.78237149767193	4.52741964211989	3.29819958731285	3.14207992388477	4.03497691583707	4.07473614184418
hsa-mir-181b	7.9369676460693	8.11137875448352	9.22485550076312	9.62787066937554	9.41355556251935	8.3376498541775	8.37623698140761	8.64038375422617	8.17025307315352	9.83632387353657	9.49887860801741	8.37623698140761	8.11137875448352	8.17025307315352	8.71792704673458	9.04221993721339	8.60405694162878	8.3376498541775	7.85495846731133	8.60405694162878	8.95271627464892	8.52676025420413	9.0854166351215	8.95271627464892	8.49182739279686	8.26627116913142
hsa-mir-181c	7.01465997975448	8.00031636539184	8.24490440841454	7.30140907340788	7.09251931133412	7.39425041913974	7.39425041913974	6.83954740450232	8.07089187361087	7.15126047813576	7.69897693239407	7.44412676062934	8.07089187361087	8.13719290895066	8.52676025420413	7.567380719577	6.78712562152565	6.51350290183844	6.96202483843217	8.56820637623883	8.64038375422617	8.90462784143776	7.9369676460693	8.00031636539184	8.4387462525084	8.46355873005622
hsa-mir-181c*	6.55992937826426	7.37013514948856	5.87056526657268	5.16111522891168	6.00611265066434	6.1072892986292	6.96202483843217	5.98019998056133	6.53780051458316	5.54571370426671	5.4878925467926	5.56981342219697	6.96202483843217	6.83954740450232	7.18310262644916	5.18750667173882	5.16111522891168	5.4878925467926	5.08977698004948	7.09251931133412	6.9355654563227	7.04693925866644	6.02656959332406	6.15238248144734	6.15238248144734	6.42317427380081
hsa-mir-181d	6.27047938304547	6.2395123570302	5.75085714204676	5.69739679527349	6.49169378208177	6.55992937826426	7.12815050823727	6.42317427380081	6.30070203222761	6.20657220339176	6.45672257747682	6.6635521145336	6.02656959332406	6.49169378208177	6.02656959332406	6.3489378066451	5.77786072890982	5.56981342219697	5.56981342219697	6.96202483843217	6.9897843190678	6.72514698316461	6.78712562152565	7.44412676062934	7.15126047813576	7.18310262644916
hsa-mir-1825	5.03893530305848	5.1167164592785	6.30070203222761	4.63307737877882	4.40163072119018	4.25127837461800	4.78237149767193	7.12815050823727	5.56981342219697	4.56007041177348	3.52938980491551	4.61121099393819	5.44492663731002	5.65502727016148	5.41790987309475	6.63282618208263	7.69897693239407	7.30140907340788	5.13889866753532	4.68207072335294	4.68207072335294	4.25127837461800	6.27047938304547	4.44277839175434	6.39472283844694	6.15238248144734
hsa-mir-185	5.69739679527349	5.8389001846888	5.89211531294467	6.30070203222761	5.89211531294467	6.49169378208177	6.1740686283511	6.63282618208263	5.44492663731002	6.60783220958397	6.1740686283511	6.51350290183844	5.75085714204676	5.6251960471347	5.54571370426671	5.44492663731002	5.3237344617098	5.44492663731002	5.80266281328109	7.85495846731133	7.5950744592112	7.44412676062934	6.51350290183844	6.72514698316461	6.9355654563227	6.9355654563227
hsa-mir-186	2.4274468214374	4.37408657363993	4.27677212313998	4.34494941860666	4.50708646846921	4.37408657363993	4.37408657363993	3.92307128038919	3.99800085419345	4.07473614184418	4.47785631034789	4.31575813401316	4.13675371196785	3.92307128038919	4.31575813401316	4.31575813401316	3.57010675960795	3.29819958731285	3.47823875803409	5.26649100160349	5.56981342219697	5.39841928885068	5.24806606597503	4.97172681609454	5.13889866753532	4.78237149767193
hsa-mir-1915	7.09251931133412	6.49169378208177	6.96202483843217	5.06522103473643	5.16111522891168	5.89211531294467	5.3237344617098	8.3376498541775	7.76551407554683	7.04693925866644	5.3460098384605	4.95159303521229	4.20570447873052	5.06522103473643	4.92012689137222	4.37408657363993	5.4878925467926	5.54571370426671	4.40163072119018	6.1072892986292	5.22207533034979	5.3237344617098	5.18750667173882	5.8389001846888	4.80228323168208	5.46944608050562
hsa-mir-192	5.54571370426671	7.01465997975448	7.30140907340788	8.49182739279686	7.97021760745513	8.00031636539184	8.3376498541775	7.567380719577	6.75721672212904	6.39472283844694	7.88733411312632	8.64038375422617	7.69897693239407	7.26017900367921	7.85495846731133	8.37623698140761	8.67425127522307	8.52676025420413	8.56820637623883	3.89705773287839	5.29348177918514	5.56981342219697	6.58126166568209	6.30070203222761	6.72514698316461	6.49169378208177
hsa-mir-193a-3p	2.4274468214374	3.76521954107341	5.18750667173882	5.41790987309475	5.6251960471347	5.52789235917472	5.98019998056133	4.95159303521229	4.31575813401316	4.78237149767193	6.2395123570302	5.08977698004948	5.69739679527349	4.78237149767193	5.1167164592785	5.13889866753532	4.92012689137222	5.39841928885068	5.41790987309475	4.34494941860666	3.84418200141811	4.20570447873052	2.54145227304874	1.32065637257191	3.76521954107341	3.37680338998746
hsa-mir-193b	6.58126166568209	4.61121099393819	3.84418200141811	4.13675371196785	4.10849098687171	4.16064712430838	3.67973450159566	4.56007041177348	4.83549219492512	6.9897843190678	3.62884286697616	4.47785631034789	5.3237344617098	5.16111522891168	4.58652528946436	5.03893530305848	4.63307737877882	4.50708646846921	4.92012689137222	4.07473614184418	3.76521954107341	3.95625287735424	4.34494941860666	4.83549219492512	4.10849098687171	4.44277839175434
hsa-mir-194	4.22661388487495	5.08977698004948	5.06522103473643	5.75085714204676	5.93012651400785	6.12372287096169	6.37022419548633	5.65502727016148	4.75275342197697	4.40163072119018	5.44492663731002	6.39472283844694	5.41790987309475	4.97172681609454	5.06522103473643	6.51350290183844	6.20657220339176	6.1072892986292	6.27047938304547	2.86403465501792	4.40163072119018	4.71623836896883	5.77786072890982	6.49169378208177	6.2395123570302	5.8389001846888
hsa-mir-195	10.2459252698273	12.8024832320087	13.3407856754275	12.8024832320087	11.7174178830425	12.0338957905796	12.1212729359253	11.3087485503614	12.5801306576247	11.8074749683145	13.0719513736884	11.1327195172949	12.8024832320087	12.5801306576247	13.0719513736884	11.8074749683145	11.7174178830425	11.7174178830425	11.2029330911024	12.3377761033270	12.4480603151170	12.5801306576247	12.0338957905796	11.3955066447865	11.8074749683145	11.8911939289017
hsa-mir-197	6.83954740450232	7.66001593831864	7.51756277963785	7.66001593831864	7.12815050823727	7.30140907340788	7.567380719577	7.80401459991894	7.39425041913974	7.30140907340788	7.01465997975448	7.63130034375897	7.9369676460693	8.03016640696709	7.76551407554683	8.46355873005622	9.18225430288611	8.60405694162878	8.49182739279686	7.4834266052292	7.22615937071477	7.15126047813576	8.00031636539184	7.97021760745513	8.37623698140761	7.63130034375897
hsa-mir-199a-3p	6.00611265066434	5.3237344617098	4.80228323168208	6.42317427380081	5.65502727016148	5.08977698004948	5.1167164592785	4.61121099393819	4.80228323168208	6.3489378066451	5.90700757363889	5.16111522891168	7.34091973088944	7.30140907340788	6.63282618208263	4.20570447873052	4.44277839175434	5.03893530305848	4.52741964211989	6.78712562152565	7.72802787894801	7.26017900367921	6.49169378208177	6.12372287096169	5.80266281328109	6.39472283844694
hsa-mir-199a-5p	4.47785631034789	3.81152022855147	2.97472080452864	4.20570447873052	3.57010675960795	3.22772194426707	3.06203846148223	2.78679809157724	2.67649831715706	4.22661388487495	3.72538309946907	2.31344136982606	5.01743750565684	4.56007041177348	4.37408657363993	2.31344136982606	3.37680338998746	2.78679809157724	1.85227402291766	5.3237344617098	5.8389001846888	5.3460098384605	4.27677212313998	4.56007041177348	3.86478453363312	4.27677212313998
hsa-mir-19b	12.0338957905796	12.5801306576247	11.3955066447865	10.0200052502209	9.62787066937554	9.46312372826272	8.95271627464892	9.27366229691883	12.2168660637331	11.5884964466149	10.1231919100548	9.37686405317471	12.0338957905796	12.4480603151170	12.0338957905796	9.41355556251935	9.27366229691883	9.22485550076312	8.85817481676535	11.5062780847910	11.3955066447865	11.5062780847910	9.13172433566852	8.9930420448055	8.95271627464892	8.64038375422617
hsa-mir-204	8.67425127522307	9.27366229691883	10.0715442095407	10.3372865946554	10.7282591010705	10.7282591010705	10.4833250058060	10.2459252698273	9.37686405317471	9.37686405317471	10.4833250058060	10.5425821951776	9.41355556251935	8.71792704673458	9.88467136427171	10.1850663638957	10.5997043219904	10.0200052502209	10.5997043219904	9.27366229691883	9.62787066937554	9.75009203695714	9.53846029127637	9.62787066937554	9.88467136427171	10.2459252698273
hsa-mir-206	3.62884286697616	7.09251931133412	6.55992937826426	6.53780051458316	6.3291368779714	5.65502727016148	5.60216421516696	6.68697183539512	7.30140907340788	6.83954740450232	6.3489378066451	6.12372287096169	6.58126166568209	7.76551407554683	7.69897693239407	7.12815050823727	6.96202483843217	6.8744848884926	6.78712562152565	6.75721672212904	6.8744848884926	7.34091973088944	7.34091973088944	7.26017900367921	6.49169378208177	6.78712562152565
hsa-mir-20b	7.76551407554683	8.71792704673458	7.09251931133412	6.78712562152565	5.90700757363889	5.75085714204676	5.44492663731002	5.75085714204676	8.40306921870205	7.97021760745513	6.53780051458316	6.08771020167302	8.71792704673458	8.85817481676535	8.3376498541775	5.29348177918514	5.1167164592785	5.06522103473643	4.89264856758623	7.76551407554683	7.567380719577	7.567380719577	5.51431656141725	4.95159303521229	4.92012689137222	4.92012689137222
hsa-mir-21	11.0487775262785	10.6457405924831	10.1231919100548	9.75009203695714	9.53846029127637	9.37686405317471	9.67801349936707	9.92220393797077	10.2900177980455	11.1327195172949	9.67801349936707	10.4010807421712	10.2900177980455	10.5997043219904	10.2900177980455	9.49887860801741	9.22485550076312	9.41355556251935	10.2459252698273	10.1850663638957	10.1850663638957	10.1850663638957	9.83632387353657	9.49887860801741	9.67801349936707	9.79974276141585
hsa-mir-210	6.1072892986292	7.15126047813576	5.4878925467926	6.3489378066451	5.67781360303704	6.63282618208263	6.83954740450232	6.27047938304547	6.2395123570302	5.732014267821	5.56981342219697	6.30070203222761	6.9897843190678	6.9355654563227	5.98019998056133	4.40163072119018	4.97172681609454	5.18750667173882	6.63282618208263	6.9897843190678	6.20657220339176	6.49169378208177	5.16111522891168	5.89211531294467	6.3291368779714	6.72514698316461
hsa-mir-215	3.22772194426707	4.65556758637233	4.89264856758623	6.08771020167302	6.05641148794639	6.05641148794639	6.53780051458316	5.39841928885068	4.63307737877882	4.52741964211989	5.732014267821	6.75721672212904	5.39841928885068	5.08977698004948	5.13889866753532	6.42317427380081	6.37022419548633	6.3291368779714	6.49169378208177	1.32065637257191	2.97472080452864	3.62884286697616	4.50708646846921	4.22661388487495	4.75275342197697	4.20570447873052
hsa-mir-218	8.71792704673458	6.9897843190678	9.04221993721339	9.5711292898228	10.1850663638957	10.4010807421712	10.5425821951776	9.96265661623385	7.34091973088944	6.81183111182261	9.88467136427171	9.96265661623385	8.26627116913142	7.51756277963785	8.95271627464892	10.8052169460674	10.3372865946554	10.9516301378639	10.7282591010705	7.63130034375897	8.37623698140761	8.29541000174369	10.7282591010705	10.5425821951776	10.7282591010705	10.1231919100548
hsa-mir-219-2-3p	7.04693925866644	4.44277839175434	5.90700757363889	4.65556758637233	4.71623836896883	5.41790987309475	4.68207072335294	7.51756277963785	4.22661388487495	9.27366229691883	4.80228323168208	5.95246112985373	3.95625287735424	4.13675371196785	3.81152022855147	5.54571370426671	5.26649100160349	5.13889866753532	5.8389001846888	6.05641148794639	5.03893530305848	5.52789235917472	5.13889866753532	5.46944608050562	6.45672257747682	6.2395123570302
hsa-mir-219-5p	10.2900177980455	7.567380719577	9.49887860801741	8.13719290895066	8.95271627464892	9.53846029127637	8.90462784143776	11.8074749683145	7.88733411312632	12.3377761033270	8.76304021341804	10.0200052502209	7.44412676062934	6.9897843190678	8.17025307315352	9.46312372826272	9.32036061399813	9.49887860801741	10.0200052502209	8.20827885605528	7.18310262644916	8.03016640696709	8.60405694162878	9.27366229691883	10.0715442095407	9.67801349936707
hsa-mir-223	6.9897843190678	6.3291368779714	6.3291368779714	7.5950744592112	6.78712562152565	6.1740686283511	6.08771020167302	6.81183111182261	6.02656959332406	7.63130034375897	6.02656959332406	7.22615937071477	6.72514698316461	6.55992937826426	6.15238248144734	6.75721672212904	6.42317427380081	6.2395123570302	7.26017900367921	5.51431656141725	5.6251960471347	5.46944608050562	6.3291368779714	5.13889866753532	6.1740686283511	6.45672257747682
hsa-mir-23a	8.76304021341804	8.52676025420413	7.69897693239407	7.88733411312632	7.88733411312632	7.97021760745513	7.80401459991894	8.11137875448352	7.97021760745513	8.90462784143776	8.07089187361087	8.3376498541775	8.67425127522307	8.52676025420413	8.64038375422617	7.72802787894801	7.567380719577	7.4834266052292	7.88733411312632	8.4387462525084	8.46355873005622	8.46355873005622	8.11137875448352	7.66001593831864	8.3376498541775	8.29541000174369
hsa-mir-23b	9.96265661623385	10.0200052502209	10.5997043219904	10.4010807421712	10.8052169460674	10.5997043219904	10.5997043219904	10.4010807421712	10.1231919100548	11.3087485503614	10.5997043219904	10.5997043219904	10.5997043219904	10.0200052502209	10.7282591010705	10.7282591010705	10.6457405924831	10.6457405924831	10.8796741939200	11.3087485503614	11.2029330911024	11.1327195172949	11.0487775262785	10.7282591010705	10.9516301378639	10.8796741939200
hsa-mir-24	9.75009203695714	9.53846029127637	9.62787066937554	9.67801349936707	9.83632387353657	9.75009203695714	9.75009203695714	9.88467136427171	9.5711292898228	10.4833250058060	9.83632387353657	9.67801349936707	10.1231919100548	9.75009203695714	9.92220393797077	10.1231919100548	9.96265661623385	9.96265661623385	9.83632387353657	9.92220393797077	9.96265661623385	9.88467136427171	9.79974276141585	9.88467136427171	10.1850663638957	10.0200052502209
hsa-mir-24-1*	3.89705773287839	4.75275342197697	5.37441037737761	5.52789235917472	4.95159303521229	4.99453480436768	5.22207533034979	4.78237149767193	4.50708646846921	6.49169378208177	5.13889866753532	5.3460098384605	5.6251960471347	4.58652528946436	4.97172681609454	5.01743750565684	4.58652528946436	4.40163072119018	4.99453480436768	5.3460098384605	5.46944608050562	5.4878925467926	5.3237344617098	4.80228323168208	5.67781360303704	5.29348177918514
hsa-mir-26a	9.67801349936707	10.5425821951776	12.0338957905796	11.5884964466149	12.2168660637331	12.4480603151170	12.2168660637331	11.8911939289017	10.5425821951776	10.3372865946554	12.0338957905796	11.8911939289017	11.0487775262785	10.8796741939200	11.5884964466149	12.0338957905796	12.0338957905796	11.8911939289017	11.7174178830425	11.5884964466149	11.5062780847910	11.5884964466149	11.7174178830425	12.3377761033270	11.5884964466149	11.3955066447865
hsa-mir-26b	8.29541000174369	9.75009203695714	10.3372865946554	10.5425821951776	10.6457405924831	10.8052169460674	10.8796741939200	10.4833250058060	9.83632387353657	9.41355556251935	10.8052169460674	10.9516301378639	9.92220393797077	9.53846029127637	10.2459252698273	10.4010807421712	10.2900177980455	10.5425821951776	10.1850663638957	10.0200052502209	10.2459252698273	10.2900177980455	10.5425821951776	10.2900177980455	10.5997043219904	10.9516301378639
hsa-mir-27a	8.85817481676535	8.64038375422617	7.37013514948856	7.72802787894801	7.39425041913974	7.567380719577	7.66001593831864	7.5950744592112	7.66001593831864	8.85817481676535	7.44412676062934	7.88733411312632	8.56820637623883	8.49182739279686	8.37623698140761	7.30140907340788	7.04693925866644	7.12815050823727	7.39425041913974	8.26627116913142	8.07089187361087	8.11137875448352	7.51756277963785	7.37013514948856	7.4834266052292	7.80401459991894
hsa-mir-27b	9.83632387353657	10.0715442095407	10.4833250058060	10.2900177980455	10.5425821951776	10.2900177980455	10.2459252698273	10.5425821951776	10.3372865946554	11.2029330911024	10.3372865946554	10.1850663638957	10.8796741939200	10.2900177980455	10.4010807421712	10.5425821951776	10.2459252698273	10.4010807421712	10.4833250058060	10.6457405924831	10.6457405924831	10.5425821951776	10.6457405924831	10.4010807421712	10.8052169460674	10.8052169460674
hsa-mir-28-5p	5.16111522891168	6.63282618208263	5.41790987309475	6.37022419548633	5.8389001846888	6.20657220339176	6.3291368779714	5.56981342219697	5.87056526657268	5.89211531294467	5.75085714204676	6.27047938304547	6.60783220958397	6.3291368779714	6.3489378066451	6.30070203222761	6.30070203222761	6.20657220339176	6.55992937826426	5.46944608050562	5.54571370426671	5.80266281328109	6.20657220339176	5.93012651400785	6.51350290183844	6.68697183539512
hsa-mir-296-5p	4.34494941860666	4.63307737877882	4.83549219492512	4.10849098687171	3.76521954107341	4.22661388487495	4.40163072119018	4.92012689137222	4.65556758637233	4.97172681609454	3.76521954107341	4.44277839175434	4.37408657363993	4.27677212313998	4.61121099393819	3.89705773287839	4.50708646846921	4.20570447873052	4.58652528946436	4.61121099393819	4.58652528946436	4.47785631034789	4.99453480436768	4.50708646846921	4.99453480436768	4.80228323168208
hsa-mir-299-5p	6.68697183539512	5.87056526657268	6.2395123570302	7.34091973088944	7.63130034375897	7.69897693239407	7.72802787894801	6.9355654563227	5.37441037737761	5.06522103473643	7.09251931133412	7.80401459991894	5.87056526657268	4.65556758637233	5.56981342219697	7.66001593831864	7.30140907340788	7.69897693239407	7.44412676062934	8.03016640696709	8.20827885605528	8.17025307315352	9.22485550076312	8.67425127522307	9.53846029127637	9.18225430288611
hsa-mir-29b	7.22615937071477	6.53780051458316	7.4834266052292	9.53846029127637	10.1231919100548	11.0487775262785	11.7174178830425	11.5062780847910	6.12372287096169	8.26627116913142	8.9930420448055	11.8074749683145	6.3489378066451	6.02656959332406	6.49169378208177	10.6457405924831	10.7282591010705	11.2029330911024	11.8074749683145	6.55992937826426	6.55992937826426	7.63130034375897	10.4010807421712	10.9516301378639	12.0338957905796	11.7174178830425
hsa-mir-29c	9.37686405317471	8.4387462525084	9.41355556251935	11.8074749683145	11.8911939289017	13.3407856754275	13.3407856754275	13.3407856754275	8.49182739279686	8.67425127522307	11.3087485503614	13.0719513736884	8.81332999342433	8.40306921870205	9.41355556251935	12.5801306576247	12.8024832320087	13.0719513736884	13.3407856754275	8.67425127522307	8.90462784143776	9.32036061399813	12.3377761033270	12.5801306576247	12.8024832320087	12.8024832320087
hsa-mir-29c*	3.57010675960795	3.67973450159566	3.62884286697616	6.05641148794639	6.1072892986292	7.22615937071477	7.34091973088944	7.01465997975448	3.06203846148223	3.76521954107341	5.41790987309475	7.5950744592112	3.14207992388477	3.37680338998746	3.52938980491551	6.81183111182261	6.8744848884926	7.15126047813576	7.80401459991894	4.22661388487495	4.44277839175434	4.68207072335294	7.37013514948856	7.30140907340788	8.07089187361087	8.00031636539184
hsa-mir-301a	8.20827885605528	8.3376498541775	7.22615937071477	8.56820637623883	8.11137875448352	8.20827885605528	8.40306921870205	7.44412676062934	7.69897693239407	8.17025307315352	8.24490440841454	8.24490440841454	8.60405694162878	8.3376498541775	8.46355873005622	8.56820637623883	8.40306921870205	8.29541000174369	8.71792704673458	8.71792704673458	8.71792704673458	8.76304021341804	8.71792704673458	8.4387462525084	8.71792704673458	8.49182739279686
hsa-mir-30a	9.27366229691883	9.83632387353657	9.27366229691883	9.18225430288611	9.37686405317471	9.5711292898228	9.79974276141585	9.32036061399813	9.92220393797077	9.67801349936707	9.04221993721339	9.5711292898228	9.88467136427171	10.1231919100548	9.96265661623385	9.62787066937554	9.62787066937554	9.88467136427171	9.96265661623385	10.0715442095407	9.88467136427171	10.1231919100548	10.0715442095407	10.4833250058060	9.96265661623385	9.88467136427171
hsa-mir-30a*	6.05641148794639	7.34091973088944	6.58126166568209	6.55992937826426	6.60783220958397	6.58126166568209	6.9355654563227	5.93012651400785	6.63282618208263	7.22615937071477	6.1072892986292	7.01465997975448	7.12815050823727	7.04693925866644	6.60783220958397	6.39472283844694	6.58126166568209	6.60783220958397	6.90516932580962	7.26017900367921	7.01465997975448	7.30140907340788	7.4834266052292	7.4834266052292	7.39425041913974	7.37013514948856
hsa-mir-30b	9.04221993721339	9.79974276141585	9.32036061399813	9.22485550076312	9.88467136427171	10.2459252698273	10.1231919100548	9.75009203695714	9.49887860801741	8.9930420448055	9.75009203695714	9.88467136427171	9.49887860801741	9.41355556251935	9.75009203695714	9.96265661623385	10.1231919100548	10.1850663638957	10.3372865946554	9.96265661623385	10.0200052502209	9.92220393797077	10.1850663638957	10.2459252698273	10.4010807421712	10.1850663638957
hsa-mir-30b*	3.29819958731285	3.89705773287839	2.54145227304874	2.86403465501792	3.43295136651399	3.72538309946907	4.80228323168208	4.68207072335294	4.16064712430838	3.14207992388477	3.95625287735424	3.89705773287839	3.22772194426707	3.99800085419345	3.76521954107341	3.52938980491551	3.62884286697616	3.43295136651399	4.13675371196785	3.29819958731285	3.14207992388477	3.57010675960795	2.86403465501792	2.86403465501792	2.78679809157724	3.14207992388477
hsa-mir-30c	8.81332999342433	9.46312372826272	9.13172433566852	9.13172433566852	9.32036061399813	9.67801349936707	9.62787066937554	8.81332999342433	9.0854166351215	9.13172433566852	9.18225430288611	9.27366229691883	9.46312372826272	9.67801349936707	10.0200052502209	9.5711292898228	9.75009203695714	9.79974276141585	9.67801349936707	9.88467136427171	9.83632387353657	10.0200052502209	9.96265661623385	10.1850663638957	10.3372865946554	9.92220393797077
hsa-mir-30c-1*	3.06203846148223	2.54145227304874	2.31344136982606	2.31344136982606	1.85227402291766	1.85227402291766	2.31344136982606	2.54145227304874	2.31344136982606	2.54145227304874	2.54145227304874	1.32065637257191	2.78679809157724	4.75275342197697	4.75275342197697	3.22772194426707	3.47823875803409	3.37680338998746	3.52938980491551	3.86478453363312	4.13675371196785	2.97472080452864	3.06203846148223	1.85227402291766	3.06203846148223	2.54145227304874
hsa-mir-30c-2*	3.37680338998746	3.43295136651399	2.86403465501792	2.78679809157724	3.29819958731285	3.84418200141811	3.52938980491551	3.47823875803409	3.52938980491551	3.86478453363312	2.86403465501792	3.67973450159566	2.67649831715706	3.29819958731285	3.37680338998746	3.06203846148223	3.14207992388477	3.47823875803409	3.62884286697616	3.43295136651399	3.67973450159566	3.86478453363312	4.20570447873052	3.92307128038919	3.89705773287839	4.10849098687171
hsa-mir-30d	8.49182739279686	8.76304021341804	8.64038375422617	8.40306921870205	8.4387462525084	8.71792704673458	9.0854166351215	8.67425127522307	8.67425127522307	8.71792704673458	8.46355873005622	9.04221993721339	8.46355873005622	8.95271627464892	8.76304021341804	8.4387462525084	9.04221993721339	9.04221993721339	9.22485550076312	9.18225430288611	8.85817481676535	8.95271627464892	8.90462784143776	9.53846029127637	9.22485550076312	8.95271627464892
hsa-mir-30e	7.85495846731133	9.0854166351215	8.9930420448055	8.71792704673458	8.76304021341804	8.90462784143776	9.22485550076312	8.76304021341804	8.9930420448055	8.64038375422617	8.95271627464892	8.9930420448055	9.0854166351215	9.32036061399813	9.04221993721339	8.76304021341804	8.85817481676535	8.76304021341804	8.90462784143776	9.0854166351215	9.13172433566852	9.04221993721339	8.95271627464892	9.13172433566852	8.76304021341804	8.67425127522307
hsa-mir-30e*	5.6251960471347	7.18310262644916	6.49169378208177	6.12372287096169	6.37022419548633	6.51350290183844	6.63282618208263	5.3237344617098	6.42317427380081	6.42317427380081	6.20657220339176	6.58126166568209	7.22615937071477	6.78712562152565	6.6635521145336	5.95246112985373	6.15238248144734	5.90700757363889	6.3489378066451	6.68697183539512	6.83954740450232	6.63282618208263	6.60783220958397	6.53780051458316	6.60783220958397	6.3291368779714
hsa-mir-32*	5.44492663731002	5.41790987309475	6.9897843190678	5.44492663731002	5.60216421516696	4.31575813401316	5.3460098384605	8.90462784143776	7.9369676460693	3.52938980491551	5.6251960471347	6.42317427380081	7.51756277963785	7.69897693239407	7.63130034375897	6.9897843190678	7.97021760745513	7.5950744592112	7.4834266052292	5.87056526657268	6.12372287096169	6.02656959332406	6.30070203222761	6.37022419548633	5.95246112985373	6.81183111182261
hsa-mir-320a	7.44412676062934	8.40306921870205	8.60405694162878	8.81332999342433	8.67425127522307	8.76304021341804	9.13172433566852	8.56820637623883	8.46355873005622	8.00031636539184	8.67425127522307	8.90462784143776	8.52676025420413	8.67425127522307	8.49182739279686	8.60405694162878	8.56820637623883	8.49182739279686	8.24490440841454	8.40306921870205	8.40306921870205	8.37623698140761	8.3376498541775	8.81332999342433	8.40306921870205	8.56820637623883
hsa-mir-320b	8.95271627464892	9.5711292898228	10.0200052502209	10.4833250058060	9.92220393797077	10.0200052502209	10.0715442095407	9.79974276141585	10.0200052502209	9.22485550076312	10.0200052502209	10.2900177980455	9.83632387353657	9.96265661623385	9.83632387353657	10.0715442095407	10.0200052502209	9.92220393797077	9.41355556251935	9.46312372826272	9.49887860801741	9.46312372826272	9.5711292898228	9.75009203695714	9.37686405317471	9.41355556251935
hsa-mir-320c	8.52676025420413	9.62787066937554	9.88467136427171	9.92220393797077	9.67801349936707	9.92220393797077	9.96265661623385	9.62787066937554	10.0715442095407	9.18225430288611	10.0715442095407	10.0715442095407	9.62787066937554	10.0715442095407	10.0715442095407	9.83632387353657	9.92220393797077	9.83632387353657	9.46312372826272	9.49887860801741	9.53846029127637	9.53846029127637	9.32036061399813	9.5711292898228	9.27366229691883	9.22485550076312
hsa-mir-323-3p	8.17025307315352	6.55992937826426	6.42317427380081	7.567380719577	7.30140907340788	7.15126047813576	6.9897843190678	6.1072892986292	6.1072892986292	5.93012651400785	7.30140907340788	7.15126047813576	6.12372287096169	5.52789235917472	5.95246112985373	7.44412676062934	6.2395123570302	6.45672257747682	6.75721672212904	5.8389001846888	5.87056526657268	6.00611265066434	6.12372287096169	5.26649100160349	5.26649100160349	5.67781360303704
hsa-mir-324-3p	8.11137875448352	8.26627116913142	8.37623698140761	8.07089187361087	7.72802787894801	7.80401459991894	7.97021760745513	7.97021760745513	8.56820637623883	8.52676025420413	8.13719290895066	7.9369676460693	8.24490440841454	8.56820637623883	8.26627116913142	7.88733411312632	8.03016640696709	8.00031636539184	8.03016640696709	7.97021760745513	8.00031636539184	7.85495846731133	8.17025307315352	8.17025307315352	8.11137875448352	8.17025307315352
hsa-mir-324-5p	8.90462784143776	8.46355873005622	8.13719290895066	8.29541000174369	8.20827885605528	8.29541000174369	8.24490440841454	7.72802787894801	8.11137875448352	8.11137875448352	8.29541000174369	8.11137875448352	8.4387462525084	8.4387462525084	8.29541000174369	8.24490440841454	8.26627116913142	8.4387462525084	8.37623698140761	8.49182739279686	8.52676025420413	8.49182739279686	8.67425127522307	8.60405694162878	8.60405694162878	8.40306921870205
hsa-mir-330-3p	5.39841928885068	4.40163072119018	4.87089185138829	6.27047938304547	5.77786072890982	6.3489378066451	6.78712562152565	6.3291368779714	4.58652528946436	6.8744848884926	5.67781360303704	6.8744848884926	5.06522103473643	4.03497691583707	4.80228323168208	6.08771020167302	6.27047938304547	6.15238248144734	6.42317427380081	6.02656959332406	5.90700757363889	5.87056526657268	6.37022419548633	6.58126166568209	6.37022419548633	6.6635521145336
hsa-mir-331-3p	10.5425821951776	10.4833250058060	10.1850663638957	10.6457405924831	10.2459252698273	10.1850663638957	10.3372865946554	9.5711292898228	10.1850663638957	9.53846029127637	10.2900177980455	10.2459252698273	10.4010807421712	10.5425821951776	10.6457405924831	10.3372865946554	10.4010807421712	10.3372865946554	10.0715442095407	10.2459252698273	10.4833250058060	10.3372865946554	10.3372865946554	10.1231919100548	10.2900177980455	10.2900177980455
hsa-mir-335	6.2395123570302	5.80266281328109	4.16064712430838	4.37408657363993	4.52741964211989	4.07473614184418	4.47785631034789	1.85227402291766	5.26649100160349	5.01743750565684	4.63307737877882	4.40163072119018	5.08977698004948	4.22661388487495	4.83549219492512	3.95625287735424	2.97472080452864	2.97472080452864	4.16064712430838	6.72514698316461	6.81183111182261	6.9897843190678	6.42317427380081	6.81183111182261	6.42317427380081	6.55992937826426
hsa-mir-337-5p	4.16064712430838	4.13675371196785	3.89705773287839	4.83549219492512	4.83549219492512	4.92012689137222	4.71623836896883	3.76521954107341	3.72538309946907	3.95625287735424	4.65556758637233	4.71623836896883	3.47823875803409	3.52938980491551	2.78679809157724	4.92012689137222	4.25127837461800	3.81152022855147	4.27677212313998	3.52938980491551	3.92307128038919	3.47823875803409	4.37408657363993	3.76521954107341	3.81152022855147	3.72538309946907
hsa-mir-338-3p	10.9516301378639	9.32036061399813	11.3087485503614	11.1327195172949	10.8796741939200	11.3087485503614	11.5062780847910	12.0338957905796	9.13172433566852	12.5801306576247	11.0487775262785	11.5062780847910	9.04221993721339	8.24490440841454	9.53846029127637	10.9516301378639	11.0487775262785	11.0487775262785	11.5884964466149	10.1231919100548	9.79974276141585	9.83632387353657	10.8052169460674	10.6457405924831	11.2029330911024	11.0487775262785
hsa-mir-33b*	4.27677212313998	4.50708646846921	4.47785631034789	3.84418200141811	3.47823875803409	3.89705773287839	3.99800085419345	4.16064712430838	3.43295136651399	4.03497691583707	2.31344136982606	2.54145227304874	4.47785631034789	3.67973450159566	3.99800085419345	3.86478453363312	4.52741964211989	3.92307128038919	3.81152022855147	3.62884286697616	2.86403465501792	2.31344136982606	3.81152022855147	2.78679809157724	3.99800085419345	3.81152022855147
hsa-mir-340	6.9355654563227	8.37623698140761	7.88733411312632	7.15126047813576	7.76551407554683	7.4834266052292	7.18310262644916	7.22615937071477	8.13719290895066	7.66001593831864	7.97021760745513	7.09251931133412	8.40306921870205	8.26627116913142	8.24490440841454	7.5950744592112	5.95246112985373	7.34091973088944	7.72802787894801	8.64038375422617	8.56820637623883	8.60405694162878	7.80401459991894	8.46355873005622	7.9369676460693	7.9369676460693
hsa-mir-340*	6.1740686283511	7.5950744592112	6.53780051458316	6.58126166568209	6.3489378066451	6.15238248144734	5.93012651400785	5.03893530305848	6.58126166568209	6.72514698316461	6.58126166568209	5.69739679527349	7.5950744592112	6.96202483843217	6.58126166568209	5.98019998056133	5.06522103473643	5.8389001846888	6.39472283844694	6.83954740450232	7.30140907340788	6.96202483843217	6.96202483843217	6.02656959332406	6.90516932580962	6.58126166568209
hsa-mir-342-3p	10.5997043219904	10.2900177980455	10.2900177980455	10.0715442095407	10.0200052502209	10.0715442095407	9.88467136427171	9.46312372826272	10.2459252698273	9.79974276141585	10.2459252698273	9.79974276141585	10.0200052502209	9.92220393797077	9.79974276141585	9.53846029127637	9.53846029127637	9.53846029127637	9.49887860801741	10.7282591010705	10.7282591010705	10.7282591010705	10.5997043219904	10.8052169460674	10.1231919100548	10.7282591010705
hsa-mir-342-5p	5.13889866753532	5.75085714204676	6.27047938304547	6.8744848884926	6.15238248144734	6.42317427380081	6.2395123570302	5.24806606597503	5.8389001846888	5.18750667173882	6.78712562152565	6.3489378066451	5.732014267821	5.03893530305848	5.51431656141725	5.6251960471347	5.51431656141725	5.65502727016148	5.69739679527349	6.51350290183844	6.49169378208177	6.60783220958397	7.22615937071477	6.9897843190678	6.63282618208263	7.26017900367921
hsa-mir-34a	9.22485550076312	8.03016640696709	7.15126047813576	8.52676025420413	7.80401459991894	8.46355873005622	8.9930420448055	9.49887860801741	7.01465997975448	8.20827885605528	7.5950744592112	9.49887860801741	6.90516932580962	6.8744848884926	7.12815050823727	8.29541000174369	8.52676025420413	9.18225430288611	9.04221993721339	6.49169378208177	6.6635521145336	6.55992937826426	8.56820637623883	9.04221993721339	10.2459252698273	9.62787066937554
hsa-mir-361-3p	4.50708646846921	5.13889866753532	4.71623836896883	5.18750667173882	5.4878925467926	5.60216421516696	5.41790987309475	5.3460098384605	4.97172681609454	4.87089185138829	5.29348177918514	5.732014267821	5.52789235917472	5.37441037737761	5.3237344617098	5.89211531294467	5.56981342219697	5.46944608050562	6.08771020167302	6.12372287096169	6.1740686283511	6.1072892986292	6.6635521145336	6.78712562152565	6.83954740450232	6.96202483843217
hsa-mir-361-5p	8.9930420448055	8.81332999342433	8.71792704673458	8.76304021341804	8.71792704673458	8.64038375422617	8.46355873005622	8.17025307315352	8.71792704673458	8.46355873005622	8.4387462525084	8.49182739279686	8.90462784143776	8.9930420448055	8.85817481676535	8.90462784143776	8.95271627464892	8.90462784143776	9.27366229691883	9.62787066937554	9.46312372826272	9.49887860801741	9.67801349936707	9.92220393797077	9.5711292898228	9.5711292898228
hsa-mir-362-3p	3.67973450159566	5.46944608050562	5.6251960471347	5.26649100160349	5.37441037737761	5.46944608050562	5.16111522891168	4.40163072119018	6.27047938304547	4.47785631034789	5.87056526657268	5.41790987309475	5.37441037737761	4.87089185138829	5.37441037737761	4.78237149767193	5.69739679527349	5.80266281328109	5.29348177918514	4.71623836896883	5.06522103473643	5.29348177918514	4.61121099393819	4.65556758637233	4.95159303521229	5.13889866753532
hsa-mir-362-5p	3.86478453363312	5.4878925467926	5.95246112985373	6.1072892986292	5.3460098384605	5.732014267821	5.56981342219697	4.52741964211989	6.3489378066451	4.89264856758623	5.89211531294467	5.77786072890982	5.4878925467926	5.46944608050562	5.26649100160349	4.97172681609454	5.98019998056133	6.05641148794639	5.22207533034979	5.67781360303704	5.89211531294467	5.75085714204676	5.01743750565684	5.4878925467926	5.29348177918514	5.56981342219697
hsa-mir-365	6.60783220958397	5.60216421516696	5.65502727016148	5.77786072890982	6.51350290183844	6.72514698316461	6.3489378066451	6.05641148794639	5.16111522891168	6.6635521145336	6.96202483843217	5.89211531294467	6.00611265066434	5.77786072890982	5.80266281328109	6.1740686283511	6.1072892986292	6.1740686283511	6.81183111182261	5.16111522891168	4.92012689137222	5.1167164592785	5.39841928885068	5.39841928885068	5.41790987309475	5.4878925467926
hsa-mir-374a	6.53780051458316	8.17025307315352	6.8744848884926	6.90516932580962	7.22615937071477	7.44412676062934	7.15126047813576	6.72514698316461	7.80401459991894	7.34091973088944	7.22615937071477	6.81183111182261	7.97021760745513	7.66001593831864	7.88733411312632	7.04693925866644	6.55992937826426	6.83954740450232	7.22615937071477	6.37022419548633	6.42317427380081	6.30070203222761	5.75085714204676	5.37441037737761	6.00611265066434	5.80266281328109
hsa-mir-374b	7.4834266052292	8.49182739279686	7.44412676062934	7.37013514948856	7.51756277963785	7.72802787894801	7.37013514948856	7.30140907340788	8.37623698140761	7.51756277963785	7.72802787894801	7.37013514948856	8.00031636539184	8.00031636539184	8.00031636539184	7.34091973088944	7.12815050823727	7.26017900367921	6.9897843190678	7.39425041913974	7.44412676062934	7.39425041913974	7.18310262644916	6.8744848884926	7.12815050823727	7.12815050823727
hsa-mir-376a	8.46355873005622	7.88733411312632	8.49182739279686	8.67425127522307	9.18225430288611	8.95271627464892	8.81332999342433	8.26627116913142	7.63130034375897	7.18310262644916	9.41355556251935	8.4387462525084	7.76551407554683	7.15126047813576	7.97021760745513	9.0854166351215	8.17025307315352	8.37623698140761	8.07089187361087	7.88733411312632	7.97021760745513	7.72802787894801	8.13719290895066	7.88733411312632	7.567380719577	7.5950744592112
hsa-mir-376a*	6.02656959332406	4.78237149767193	4.37408657363993	4.58652528946436	5.06522103473643	5.13889866753532	5.01743750565684	3.84418200141811	3.95625287735424	4.68207072335294	4.89264856758623	4.22661388487495	4.40163072119018	3.76521954107341	4.34494941860666	4.75275342197697	3.99800085419345	4.07473614184418	4.47785631034789	4.31575813401316	4.50708646846921	4.40163072119018	4.13675371196785	3.29819958731285	3.92307128038919	3.67973450159566
hsa-mir-376b	4.58652528946436	4.10849098687171	4.31575813401316	4.61121099393819	5.22207533034979	4.83549219492512	4.56007041177348	3.57010675960795	4.10849098687171	3.57010675960795	5.52789235917472	4.34494941860666	3.52938980491551	2.54145227304874	3.95625287735424	4.47785631034789	3.43295136651399	3.86478453363312	2.10109710301324	4.95159303521229	5.08977698004948	4.65556758637233	4.16064712430838	4.16064712430838	3.52938980491551	3.06203846148223
hsa-mir-376c	9.5711292898228	8.85817481676535	9.75009203695714	10.2459252698273	10.3372865946554	10.3372865946554	10.2900177980455	9.67801349936707	8.90462784143776	8.40306921870205	10.7282591010705	9.92220393797077	8.95271627464892	8.46355873005622	9.22485550076312	10.5997043219904	10.0715442095407	10.2459252698273	9.5711292898228	8.85817481676535	9.04221993721339	8.85817481676535	8.9930420448055	8.76304021341804	8.90462784143776	8.76304021341804
hsa-mir-377	8.4387462525084	7.39425041913974	7.97021760745513	8.46355873005622	9.13172433566852	8.9930420448055	9.32036061399813	8.20827885605528	6.9355654563227	6.75721672212904	8.52676025420413	8.81332999342433	7.01465997975448	6.39472283844694	7.15126047813576	9.18225430288611	8.4387462525084	8.71792704673458	8.76304021341804	6.81183111182261	6.96202483843217	6.68697183539512	7.72802787894801	7.63130034375897	7.72802787894801	7.567380719577
hsa-mir-379	7.39425041913974	6.08771020167302	6.81183111182261	7.26017900367921	7.4834266052292	7.63130034375897	7.85495846731133	7.04693925866644	5.95246112985373	5.98019998056133	7.15126047813576	7.69897693239407	6.42317427380081	5.89211531294467	6.27047938304547	7.63130034375897	7.18310262644916	7.37013514948856	7.66001593831864	6.42317427380081	6.3489378066451	6.3291368779714	6.8744848884926	7.09251931133412	7.18310262644916	6.75721672212904
hsa-mir-381	7.30140907340788	6.9355654563227	8.29541000174369	8.60405694162878	8.90462784143776	9.13172433566852	9.27366229691883	8.49182739279686	6.72514698316461	6.15238248144734	8.56820637623883	9.0854166351215	6.53780051458316	5.90700757363889	6.51350290183844	8.71792704673458	8.11137875448352	8.07089187361087	7.5950744592112	7.69897693239407	7.63130034375897	7.69897693239407	8.52676025420413	8.64038375422617	8.20827885605528	8.24490440841454
hsa-mir-382	6.72514698316461	5.69739679527349	5.52789235917472	5.87056526657268	6.42317427380081	6.30070203222761	6.49169378208177	6.45672257747682	5.75085714204676	4.99453480436768	6.37022419548633	6.1740686283511	4.87089185138829	5.1167164592785	5.6251960471347	6.53780051458316	6.1740686283511	6.02656959332406	6.3291368779714	5.22207533034979	5.1167164592785	5.26649100160349	5.06522103473643	5.41790987309475	4.68207072335294	5.22207533034979
hsa-mir-383	6.49169378208177	5.52789235917472	5.16111522891168	5.22207533034979	5.75085714204676	5.22207533034979	5.77786072890982	5.52789235917472	5.4878925467926	6.1072892986292	4.56007041177348	6.9355654563227	5.80266281328109	6.00611265066434	6.12372287096169	6.45672257747682	5.89211531294467	5.77786072890982	5.39841928885068	5.732014267821	5.65502727016148	5.67781360303704	5.67781360303704	6.9355654563227	7.37013514948856	7.34091973088944
hsa-mir-409-3p	6.20657220339176	4.92012689137222	5.08977698004948	6.1740686283511	6.08771020167302	5.77786072890982	5.75085714204676	4.97172681609454	4.92012689137222	5.16111522891168	6.30070203222761	5.6251960471347	4.44277839175434	4.07473614184418	4.16064712430838	5.46944608050562	4.61121099393819	4.97172681609454	4.95159303521229	5.6251960471347	5.80266281328109	5.24806606597503	5.95246112985373	5.95246112985373	5.54571370426671	5.65502727016148
hsa-mir-409-5p	4.71623836896883	2.86403465501792	3.43295136651399	3.95625287735424	4.25127837461800	4.27677212313998	4.07473614184418	2.97472080452864	2.97472080452864	3.62884286697616	4.13675371196785	3.22772194426707	2.31344136982606	2.67649831715706	2.67649831715706	3.43295136651399	2.31344136982606	3.06203846148223	3.72538309946907	4.25127837461800	4.10849098687171	4.22661388487495	3.92307128038919	3.86478453363312	3.72538309946907	3.43295136651399
hsa-mir-410	9.92220393797077	7.72802787894801	7.66001593831864	8.64038375422617	8.49182739279686	8.49182739279686	8.56820637623883	7.34091973088944	6.8744848884926	7.37013514948856	8.40306921870205	8.29541000174369	8.03016640696709	7.85495846731133	8.13719290895066	8.40306921870205	8.9930420448055	8.40306921870205	8.64038375422617	8.24490440841454	8.26627116913142	8.24490440841454	8.49182739279686	8.37623698140761	8.46355873005622	8.20827885605528
hsa-mir-411	5.65502727016148	4.99453480436768	5.24806606597503	5.8389001846888	6.30070203222761	6.3291368779714	6.45672257747682	5.41790987309475	4.78237149767193	4.31575813401316	6.08771020167302	6.1072892986292	5.1167164592785	4.47785631034789	4.47785631034789	6.02656959332406	5.44492663731002	5.732014267821	5.65502727016148	6.3291368779714	6.27047938304547	6.08771020167302	7.26017900367921	6.83954740450232	7.26017900367921	7.01465997975448
hsa-mir-423-5p	4.78237149767193	5.26649100160349	4.58652528946436	4.44277839175434	5.03893530305848	5.37441037737761	5.06522103473643	5.13889866753532	5.51431656141725	5.03893530305848	4.87089185138829	5.1167164592785	4.95159303521229	4.52741964211989	4.87089185138829	4.44277839175434	4.95159303521229	4.65556758637233	4.65556758637233	4.65556758637233	4.61121099393819	4.61121099393819	3.95625287735424	4.47785631034789	3.84418200141811	4.25127837461800
hsa-mir-424	6.75721672212904	5.732014267821	5.22207533034979	4.40163072119018	4.31575813401316	4.03497691583707	3.22772194426707	3.72538309946907	4.56007041177348	7.9369676460693	4.37408657363993	4.20570447873052	6.30070203222761	6.81183111182261	6.42317427380081	4.56007041177348	4.13675371196785	3.89705773287839	4.61121099393819	6.3489378066451	6.39472283844694	6.39472283844694	4.87089185138829	4.40163072119018	4.44277839175434	3.47823875803409
hsa-mir-425	6.37022419548633	6.78712562152565	6.51350290183844	6.83954740450232	6.72514698316461	7.01465997975448	6.81183111182261	6.08771020167302	6.78712562152565	6.3291368779714	6.75721672212904	6.63282618208263	7.80401459991894	7.5950744592112	7.22615937071477	7.26017900367921	7.26017900367921	7.09251931133412	7.01465997975448	6.60783220958397	6.68697183539512	6.58126166568209	6.9897843190678	7.12815050823727	7.09251931133412	7.15126047813576
hsa-mir-432	7.66001593831864	5.65502727016148	5.26649100160349	5.98019998056133	6.02656959332406	5.6251960471347	5.732014267821	5.89211531294467	5.65502727016148	5.4878925467926	5.54571370426671	5.90700757363889	5.65502727016148	6.15238248144734	5.60216421516696	6.20657220339176	5.67781360303704	5.69739679527349	5.93012651400785	4.87089185138829	5.13889866753532	4.87089185138829	5.52789235917472	5.3460098384605	5.16111522891168	5.03893530305848
hsa-mir-433	5.3237344617098	1.85227402291766	3.22772194426707	3.76521954107341	3.92307128038919	4.10849098687171	4.22661388487495	3.62884286697616	1.32065637257191	2.86403465501792	3.89705773287839	4.50708646846921	1.32065637257191	1.97668556296545	1.85227402291766	4.16064712430838	3.81152022855147	3.72538309946907	4.10849098687171	2.54145227304874	2.31344136982606	3.06203846148223	4.22661388487495	4.07473614184418	4.27677212313998	3.76521954107341
hsa-mir-451	10.7282591010705	10.4010807421712	11.2029330911024	11.7174178830425	10.4010807421712	11.1327195172949	9.49887860801741	10.0715442095407	9.32036061399813	10.8052169460674	10.6457405924831	11.2029330911024	10.3372865946554	9.22485550076312	10.5997043219904	10.0200052502209	11.2029330911024	10.5997043219904	10.2900177980455	10.5425821951776	10.1231919100548	10.6457405924831	10.2459252698273	9.0854166351215	9.49887860801741	10.0715442095407
hsa-mir-454	4.89264856758623	6.37022419548633	4.95159303521229	6.6635521145336	6.53780051458316	6.83954740450232	6.6635521145336	5.4878925467926	5.24806606597503	5.77786072890982	6.27047938304547	6.37022419548633	5.89211531294467	4.44277839175434	5.29348177918514	6.05641148794639	5.8389001846888	5.75085714204676	6.02656959332406	6.1740686283511	6.3291368779714	6.20657220339176	6.68697183539512	6.05641148794639	6.78712562152565	6.37022419548633
hsa-mir-455-3p	5.52789235917472	8.56820637623883	9.79974276141585	9.79974276141585	9.46312372826272	8.37623698140761	8.60405694162878	6.58126166568209	8.64038375422617	7.85495846731133	9.96265661623385	7.18310262644916	9.22485550076312	8.64038375422617	9.27366229691883	9.88467136427171	8.49182739279686	8.81332999342433	8.81332999342433	9.79974276141585	10.0715442095407	9.96265661623385	9.49887860801741	8.07089187361087	7.85495846731133	7.30140907340788
hsa-mir-455-5p	3.14207992388477	6.1740686283511	8.40306921870205	7.9369676460693	7.44412676062934	6.81183111182261	6.60783220958397	4.99453480436768	6.9897843190678	5.37441037737761	8.60405694162878	4.97172681609454	7.04693925866644	6.1740686283511	7.26017900367921	7.39425041913974	6.05641148794639	6.58126166568209	6.83954740450232	7.51756277963785	7.88733411312632	8.07089187361087	7.39425041913974	6.63282618208263	5.89211531294467	5.16111522891168
hsa-mir-484	4.83549219492512	5.90700757363889	6.37022419548633	6.3291368779714	5.87056526657268	6.00611265066434	6.00611265066434	5.22207533034979	5.39841928885068	5.22207533034979	6.12372287096169	5.37441037737761	5.90700757363889	5.80266281328109	5.87056526657268	5.80266281328109	6.12372287096169	5.41790987309475	5.03893530305848	6.6635521145336	6.78712562152565	6.51350290183844	7.12815050823727	6.96202483843217	6.68697183539512	6.60783220958397
hsa-mir-485-3p	5.67781360303704	4.27677212313998	5.39841928885068	4.95159303521229	4.92012689137222	4.95159303521229	4.95159303521229	6.37022419548633	4.87089185138829	4.20570447873052	4.95159303521229	4.89264856758623	4.22661388487495	3.86478453363312	4.22661388487495	5.4878925467926	6.49169378208177	6.08771020167302	3.99800085419345	3.99800085419345	3.95625287735424	3.22772194426707	4.83549219492512	3.81152022855147	5.06522103473643	4.34494941860666
hsa-mir-485-5p	5.08977698004948	2.67649831715706	4.03497691583707	4.99453480436768	4.44277839175434	4.97172681609454	4.92012689137222	4.50708646846921	3.76521954107341	3.29819958731285	4.68207072335294	4.99453480436768	4.10849098687171	4.34494941860666	3.62884286697616	5.16111522891168	4.80228323168208	4.68207072335294	4.97172681609454	3.84418200141811	3.62884286697616	4.07473614184418	4.47785631034789	4.25127837461800	4.52741964211989	4.61121099393819
hsa-mir-486-3p	2.4274468214374	2.31344136982606	3.92307128038919	4.92012689137222	4.07473614184418	3.81152022855147	3.81152022855147	2.10109710301324	1.85227402291766	2.10109710301324	4.40163072119018	3.72538309946907	2.54145227304874	1.97668556296545	3.22772194426707	3.37680338998746	2.54145227304874	3.14207992388477	2.67649831715706	2.67649831715706	2.10109710301324	3.52938980491551	3.72538309946907	2.31344136982606	3.14207992388477	2.78679809157724
hsa-mir-486-5p	4.37408657363993	4.52741964211989	6.20657220339176	7.09251931133412	6.39472283844694	6.60783220958397	6.51350290183844	5.54571370426671	4.13675371196785	4.95159303521229	6.51350290183844	6.55992937826426	4.25127837461800	4.10849098687171	5.52789235917472	6.1072892986292	5.75085714204676	5.89211531294467	5.87056526657268	5.54571370426671	4.95159303521229	5.54571370426671	6.3489378066451	6.3489378066451	5.87056526657268	5.95246112985373
hsa-mir-487b	9.79974276141585	7.9369676460693	8.03016640696709	8.95271627464892	9.04221993721339	9.0854166351215	8.67425127522307	8.13719290895066	7.85495846731133	7.39425041913974	9.0854166351215	8.71792704673458	7.18310262644916	6.51350290183844	6.9897843190678	8.85817481676535	8.24490440841454	8.13719290895066	8.13719290895066	7.72802787894801	7.85495846731133	7.88733411312632	8.29541000174369	7.85495846731133	8.24490440841454	7.88733411312632
hsa-mir-488	6.08771020167302	6.20657220339176	5.98019998056133	5.54571370426671	5.69739679527349	5.3460098384605	5.46944608050562	4.83549219492512	5.732014267821	6.00611265066434	5.77786072890982	5.24806606597503	6.63282618208263	6.45672257747682	6.37022419548633	5.65502727016148	5.65502727016148	5.24806606597503	6.45672257747682	6.63282618208263	6.72514698316461	6.53780051458316	5.90700757363889	5.69739679527349	5.24806606597503	5.44492663731002
hsa-mir-494	7.26017900367921	6.15238248144734	5.80266281328109	5.95246112985373	4.99453480436768	5.16111522891168	5.03893530305848	5.87056526657268	8.60405694162878	9.49887860801741	8.00031636539184	5.4878925467926	6.78712562152565	8.90462784143776	8.56820637623883	6.6635521145336	4.22661388487495	5.93012651400785	7.12815050823727	8.95271627464892	7.80401459991894	9.13172433566852	5.41790987309475	8.56820637623883	5.3237344617098	4.75275342197697
hsa-mir-495	6.63282618208263	6.05641148794639	6.3489378066451	7.18310262644916	7.85495846731133	7.85495846731133	7.88733411312632	6.90516932580962	5.80266281328109	5.39841928885068	7.37013514948856	7.567380719577	6.05641148794639	5.3460098384605	6.05641148794639	8.03016640696709	7.66001593831864	7.66001593831864	7.51756277963785	6.39472283844694	6.58126166568209	6.12372287096169	7.567380719577	7.39425041913974	7.63130034375897	7.69897693239407
hsa-mir-497	7.97021760745513	11.0487775262785	11.1327195172949	10.1850663638957	10.0715442095407	10.1231919100548	10.1850663638957	9.18225430288611	10.9516301378639	9.5711292898228	10.4010807421712	9.41355556251935	11.2029330911024	10.9516301378639	11.0487775262785	9.92220393797077	9.83632387353657	10.1231919100548	9.79974276141585	11.1327195172949	11.0487775262785	11.2029330911024	10.2900177980455	10.3372865946554	10.0200052502209	10.4010807421712
hsa-mir-505	4.52741964211989	4.95159303521229	3.95625287735424	4.07473614184418	3.81152022855147	3.92307128038919	3.14207992388477	4.03497691583707	4.61121099393819	3.99800085419345	5.03893530305848	4.16064712430838	4.58652528946436	4.89264856758623	4.13675371196785	2.97472080452864	3.29819958731285	2.54145227304874	2.31344136982606	4.27677212313998	4.27677212313998	4.13675371196785	3.76521954107341	3.95625287735424	3.29819958731285	3.29819958731285
hsa-mir-532-3p	3.47823875803409	3.37680338998746	3.81152022855147	3.89705773287839	3.72538309946907	4.13675371196785	3.62884286697616	3.06203846148223	4.47785631034789	3.47823875803409	4.03497691583707	3.86478453363312	3.57010675960795	3.22772194426707	3.29819958731285	2.78679809157724	4.40163072119018	4.78237149767193	4.25127837461800	2.97472080452864	3.47823875803409	3.72538309946907	2.78679809157724	3.89705773287839	3.47823875803409	3.52938980491551
hsa-mir-532-5p	4.44277839175434	5.51431656141725	5.46944608050562	5.65502727016148	5.56981342219697	6.08771020167302	5.69739679527349	4.75275342197697	5.90700757363889	4.75275342197697	6.00611265066434	5.98019998056133	4.83549219492512	5.26649100160349	4.99453480436768	5.24806606597503	6.45672257747682	6.78712562152565	6.1740686283511	4.80228323168208	4.97172681609454	4.99453480436768	4.65556758637233	5.60216421516696	5.56981342219697	5.41790987309475
hsa-mir-539	6.42317427380081	4.80228323168208	5.56981342219697	6.60783220958397	6.68697183539512	6.53780051458316	6.02656959332406	5.90700757363889	5.13889866753532	4.65556758637233	6.55992937826426	6.49169378208177	5.46944608050562	6.1072892986292	5.46944608050562	6.78712562152565	6.3489378066451	6.12372287096169	6.1072892986292	4.83549219492512	5.16111522891168	5.16111522891168	5.65502727016148	5.51431656141725	5.3460098384605	5.18750667173882
hsa-mir-543	4.80228323168208	4.47785631034789	4.52741964211989	5.29348177918514	5.732014267821	5.93012651400785	5.8389001846888	4.58652528946436	3.92307128038919	3.92307128038919	5.60216421516696	5.22207533034979	7.15126047813576	5.54571370426671	6.96202483843217	7.01465997975448	7.76551407554683	7.51756277963785	7.18310262644916	4.20570447873052	4.52741964211989	4.16064712430838	5.46944608050562	5.3237344617098	5.52789235917472	5.3460098384605
hsa-mir-551b	9.0854166351215	9.88467136427171	8.95271627464892	8.90462784143776	8.52676025420413	7.88733411312632	7.51756277963785	6.15238248144734	9.75009203695714	8.76304021341804	8.26627116913142	7.34091973088944	9.18225430288611	9.62787066937554	9.13172433566852	7.76551407554683	7.37013514948856	6.75721672212904	6.30070203222761	9.37686405317471	9.37686405317471	9.27366229691883	7.5950744592112	7.15126047813576	6.1072892986292	5.51431656141725
hsa-mir-592	5.89211531294467	6.02656959332406	4.56007041177348	3.22772194426707	3.06203846148223	2.67649831715706	2.54145227304874	2.67649831715706	5.22207533034979	5.6251960471347	3.86478453363312	2.86403465501792	6.49169378208177	6.12372287096169	5.75085714204676	3.67973450159566	3.06203846148223	3.52938980491551	4.22661388487495	4.99453480436768	4.71623836896883	4.89264856758623	3.43295136651399	3.52938980491551	3.62884286697616	3.57010675960795
hsa-mir-628-5p	4.87089185138829	4.58652528946436	3.67973450159566	5.56981342219697	5.08977698004948	5.39841928885068	5.51431656141725	4.13675371196785	4.03497691583707	4.16064712430838	5.01743750565684	5.46944608050562	4.99453480436768	3.89705773287839	4.56007041177348	4.83549219492512	4.99453480436768	4.52741964211989	5.46944608050562	4.47785631034789	4.65556758637233	4.97172681609454	4.97172681609454	4.34494941860666	4.89264856758623	5.24806606597503
hsa-mir-652	4.25127837461800	5.54571370426671	5.03893530305848	3.67973450159566	4.47785631034789	5.01743750565684	4.65556758637233	4.80228323168208	5.6251960471347	4.58652528946436	5.26649100160349	4.68207072335294	5.95246112985373	7.09251931133412	6.72514698316461	5.3460098384605	5.41790987309475	5.3237344617098	5.52789235917472	5.56981342219697	5.93012651400785	5.22207533034979	4.89264856758623	4.89264856758623	4.65556758637233	4.50708646846921
hsa-mir-654-3p	5.60216421516696	5.56981342219697	6.08771020167302	6.81183111182261	6.96202483843217	6.9355654563227	6.90516932580962	5.8389001846888	4.95159303521229	5.08977698004948	6.6635521145336	6.68697183539512	5.26649100160349	4.20570447873052	5.16111522891168	6.83954740450232	6.53780051458316	6.3489378066451	5.98019998056133	5.95246112985373	6.1072892986292	5.732014267821	6.83954740450232	6.27047938304547	6.53780051458316	6.27047938304547
hsa-mir-660	5.24806606597503	6.60783220958397	6.75721672212904	6.68697183539512	6.45672257747682	6.75721672212904	6.27047938304547	5.51431656141725	7.22615937071477	5.67781360303704	6.90516932580962	6.83954740450232	6.51350290183844	6.20657220339176	6.30070203222761	5.75085714204676	7.09251931133412	7.22615937071477	6.6635521145336	5.24806606597503	5.75085714204676	5.77786072890982	4.95159303521229	5.03893530305848	5.60216421516696	5.77786072890982
hsa-mir-664	3.92307128038919	4.20570447873052	4.25127837461800	3.06203846148223	3.37680338998746	3.95625287735424	4.03497691583707	3.86478453363312	3.89705773287839	4.61121099393819	3.84418200141811	3.62884286697616	3.62884286697616	2.86403465501792	3.84418200141811	3.62884286697616	4.56007041177348	4.16064712430838	3.92307128038919	5.77786072890982	5.52789235917472	5.41790987309475	5.60216421516696	6.00611265066434	5.69739679527349	5.6251960471347
hsa-mir-665	5.56981342219697	4.87089185138829	6.05641148794639	5.51431656141725	5.39841928885068	5.90700757363889	6.42317427380081	5.67781360303704	5.1167164592785	4.71623836896883	5.51431656141725	6.20657220339176	5.18750667173882	5.18750667173882	5.65502727016148	5.37441037737761	5.90700757363889	6.00611265066434	6.53780051458316	6.90516932580962	6.45672257747682	6.90516932580962	6.75721672212904	7.69897693239407	7.34091973088944	7.22615937071477
hsa-mir-7	9.62787066937554	7.22615937071477	6.45672257747682	7.04693925866644	7.66001593831864	7.37013514948856	7.26017900367921	6.2395123570302	7.37013514948856	5.46944608050562	7.4834266052292	7.39425041913974	7.567380719577	7.44412676062934	7.01465997975448	7.37013514948856	6.9355654563227	7.44412676062934	8.60405694162878	7.34091973088944	7.76551407554683	7.18310262644916	8.07089187361087	8.52676025420413	7.88733411312632	8.52676025420413
hsa-mir-7-1*	4.07473614184418	6.42317427380081	6.60783220958397	7.12815050823727	7.04693925866644	7.04693925866644	6.75721672212904	5.80266281328109	6.08771020167302	4.83549219492512	7.12815050823727	6.78712562152565	6.68697183539512	5.95246112985373	6.20657220339176	6.8744848884926	6.83954740450232	6.72514698316461	7.04693925866644	6.45672257747682	6.75721672212904	6.75721672212904	7.15126047813576	6.6635521145336	6.9897843190678	7.09251931133412
hsa-mir-744	3.43295136651399	2.78679809157724	2.78679809157724	3.43295136651399	4.16064712430838	4.50708646846921	3.47823875803409	3.89705773287839	2.54145227304874	3.89705773287839	4.31575813401316	3.52938980491551	3.29819958731285	3.14207992388477	2.97472080452864	3.84418200141811	3.92307128038919	3.76521954107341	4.87089185138829	4.03497691583707	4.20570447873052	4.10849098687171	3.86478453363312	4.78237149767193	4.13675371196785	3.86478453363312
hsa-mir-744*	3.72538309946907	3.52938980491551	3.52938980491551	2.54145227304874	3.62884286697616	3.62884286697616	4.25127837461800	3.22772194426707	3.47823875803409	3.67973450159566	3.14207992388477	3.29819958731285	3.37680338998746	4.16064712430838	2.86403465501792	4.63307737877882	4.83549219492512	4.27677212313998	4.71623836896883	4.75275342197697	4.75275342197697	4.31575813401316	5.37441037737761	5.80266281328109	6.05641148794639	4.31575813401316
hsa-mir-770-5p	5.732014267821	5.03893530305848	4.61121099393819	4.80228323168208	4.63307737877882	4.34494941860666	4.50708646846921	4.22661388487495	5.06522103473643	5.87056526657268	4.44277839175434	4.65556758637233	4.52741964211989	4.80228323168208	3.86478453363312	4.80228323168208	4.37408657363993	4.37408657363993	4.80228323168208	4.44277839175434	4.63307737877882	4.50708646846921	4.71623836896883	4.68207072335294	4.40163072119018	4.40163072119018
hsa-mir-873	5.3460098384605	4.07473614184418	1.85227402291766	1.85227402291766	1.32065637257191	1.32065637257191	5.54571370426671	1.32065637257191	4.27677212313998	2.78679809157724	1.32065637257191	3.47823875803409	2.97472080452864	4.68207072335294	3.06203846148223	1.85227402291766	4.47785631034789	1.32065637257191	3.89705773287839	4.56007041177348	3.29819958731285	4.03497691583707	4.52741964211989	5.22207533034979	4.58652528946436	5.08977698004948
hsa-mir-874	5.8389001846888	6.8744848884926	8.17025307315352	8.11137875448352	8.17025307315352	8.17025307315352	8.17025307315352	7.85495846731133	7.44412676062934	6.68697183539512	7.9369676460693	7.97021760745513	7.4834266052292	7.18310262644916	7.72802787894801	8.20827885605528	8.13719290895066	8.46355873005622	8.17025307315352	6.27047938304547	6.2395123570302	6.27047938304547	6.53780051458316	7.04693925866644	6.75721672212904	7.04693925866644
hsa-mir-877*	4.31575813401316	3.99800085419345	5.3460098384605	3.86478453363312	3.84418200141811	3.67973450159566	4.10849098687171	6.30070203222761	4.89264856758623	4.50708646846921	3.57010675960795	3.81152022855147	4.50708646846921	4.50708646846921	4.63307737877882	5.87056526657268	6.9897843190678	6.63282618208263	4.63307737877882	4.10849098687171	3.72538309946907	3.43295136651399	5.56981342219697	3.99800085419345	5.90700757363889	5.39841928885068
hsa-mir-885-3p	4.97172681609454	6.12372287096169	4.40163072119018	4.52741964211989	5.98019998056133	5.80266281328109	6.8744848884926	6.55992937826426	5.46944608050562	1.32065637257191	5.06522103473643	5.3237344617098	5.29348177918514	5.87056526657268	7.04693925866644	4.52741964211989	5.08977698004948	5.95246112985373	5.18750667173882	2.78679809157724	2.78679809157724	2.67649831715706	2.67649831715706	3.22772194426707	2.54145227304874	2.86403465501792
hsa-mir-885-5p	5.98019998056133	7.30140907340788	8.4387462525084	8.20827885605528	8.60405694162878	8.67425127522307	8.4387462525084	8.37623698140761	7.567380719577	6.9355654563227	8.64038375422617	8.40306921870205	6.81183111182261	6.3489378066451	6.90516932580962	7.9369676460693	7.88733411312632	7.80401459991894	7.9369676460693	7.04693925866644	7.12815050823727	7.51756277963785	8.20827885605528	8.11137875448352	8.17025307315352	7.72802787894801
hsa-mir-886-3p	6.15238248144734	5.67781360303704	5.67781360303704	6.20657220339176	7.01465997975448	4.75275342197697	4.13675371196785	4.27677212313998	7.15126047813576	8.03016640696709	4.99453480436768	4.63307737877882	6.6635521145336	7.9369676460693	6.78712562152565	4.87089185138829	4.34494941860666	4.92012689137222	4.20570447873052	4.97172681609454	5.60216421516696	5.65502727016148	3.47823875803409	5.44492663731002	3.22772194426707	5.732014267821
hsa-mir-9	12.2168660637331	12.0338957905796	11.5062780847910	10.1231919100548	11.0487775262785	11.2029330911024	10.7282591010705	10.1850663638957	11.8074749683145	11.3955066447865	11.2029330911024	10.1231919100548	11.8911939289017	11.8074749683145	11.8911939289017	10.8796741939200	10.9516301378639	10.8052169460674	10.8052169460674	12.1212729359253	11.8911939289017	11.8074749683145	10.8796741939200	10.8796741939200	10.6457405924831	10.5425821951776
hsa-mir-9*	14.5448948672520	13.9153289591838	13.9153289591838	13.6159980224520	13.3407856754275	13.6159980224520	13.9153289591838	13.0719513736884	13.9153289591838	13.6159980224520	13.6159980224520	13.3407856754275	13.6159980224520	13.3407856754275	13.9153289591838	13.3407856754275	13.9153289591838	13.9153289591838	13.0719513736884	13.3407856754275	13.3407856754275	13.3407856754275	13.6159980224520	12.8024832320087	13.3407856754275	13.0719513736884
hsa-mir-92a	7.5950744592112	9.04221993721339	8.07089187361087	6.51350290183844	6.2395123570302	6.39472283844694	5.90700757363889	7.18310262644916	8.81332999342433	8.37623698140761	6.60783220958397	6.53780051458316	8.76304021341804	9.46312372826272	8.81332999342433	5.77786072890982	5.93012651400785	5.67781360303704	6.00611265066434	8.46355873005622	8.13719290895066	7.97021760745513	6.39472283844694	6.55992937826426	6.55992937826426	6.30070203222761
hsa-mir-93	7.34091973088944	9.37686405317471	8.11137875448352	6.72514698316461	6.58126166568209	6.78712562152565	5.95246112985373	6.02656959332406	8.85817481676535	8.13719290895066	6.9355654563227	6.02656959332406	9.13172433566852	9.83632387353657	8.90462784143776	5.8389001846888	5.54571370426671	5.60216421516696	5.6251960471347	8.9930420448055	8.76304021341804	8.64038375422617	7.30140907340788	7.22615937071477	7.01465997975448	6.90516932580962
hsa-mir-933	3.52938980491551	4.25127837461800	4.13675371196785	3.72538309946907	3.14207992388477	3.43295136651399	3.29819958731285	3.81152022855147	3.57010675960795	4.10849098687171	2.67649831715706	2.67649831715706	4.03497691583707	3.43295136651399	3.43295136651399	3.47823875803409	4.07473614184418	3.62884286697616	2.78679809157724	3.76521954107341	3.81152022855147	2.86403465501792	3.67973450159566	3.37680338998746	4.20570447873052	3.99800085419345
hsa-mir-939	7.80401459991894	6.72514698316461	7.01465997975448	6.2395123570302	6.12372287096169	5.98019998056133	6.20657220339176	7.66001593831864	7.12815050823727	7.69897693239407	5.8389001846888	6.15238248144734	5.8389001846888	6.58126166568209	5.67781360303704	5.51431656141725	5.732014267821	5.51431656141725	5.732014267821	6.00611265066434	6.08771020167302	5.69739679527349	5.93012651400785	5.98019998056133	5.37441037737761	5.89211531294467
hsa-mir-940	8.24490440841454	5.89211531294467	6.6635521145336	5.4878925467926	5.3237344617098	5.3237344617098	5.52789235917472	7.88733411312632	6.05641148794639	5.95246112985373	4.61121099393819	5.26649100160349	5.56981342219697	5.39841928885068	5.732014267821	5.26649100160349	6.00611265066434	5.22207533034979	5.3237344617098	5.93012651400785	5.69739679527349	5.13889866753532	5.98019998056133	5.18750667173882	6.20657220339176	6.02656959332406
hsa-mir-95	8.00031636539184	6.58126166568209	6.1740686283511	6.9355654563227	6.83954740450232	7.18310262644916	7.01465997975448	6.1740686283511	6.37022419548633	8.29541000174369	6.63282618208263	7.04693925866644	6.20657220339176	6.2395123570302	5.93012651400785	6.60783220958397	6.63282618208263	6.68697183539512	6.51350290183844	6.30070203222761	6.15238248144734	6.15238248144734	6.2395123570302	5.87056526657268	7.30140907340788	7.51756277963785
hsa-mir-98	6.90516932580962	7.97021760745513	7.5950744592112	8.00031636539184	8.29541000174369	8.40306921870205	8.03016640696709	7.37013514948856	8.29541000174369	8.07089187361087	8.85817481676535	8.60405694162878	8.17025307315352	7.97021760745513	8.20827885605528	8.13719290895066	7.72802787894801	7.85495846731133	8.29541000174369	8.3376498541775	8.4387462525084	8.3376498541775	8.64038375422617	8.49182739279686	8.56820637623883	8.4387462525084
hsa-mir-99a	11.7174178830425	11.2029330911024	10.9516301378639	10.5997043219904	10.4833250058060	10.6457405924831	10.4010807421712	10.8052169460674	11.3087485503614	11.0487775262785	10.5425821951776	10.3372865946554	11.1327195172949	11.2029330911024	11.3087485503614	10.2459252698273	10.1850663638957	10.4833250058060	10.6457405924831	10.8796741939200	10.8796741939200	11.0487775262785	9.88467136427171	9.96265661623385	9.79974276141585	10.5997043219904
hsa-mir-99b	7.18310262644916	7.80401459991894	7.76551407554683	8.03016640696709	8.24490440841454	8.4387462525084	8.11137875448352	7.9369676460693	7.4834266052292	7.76551407554683	8.03016640696709	8.13719290895066	7.66001593831864	7.34091973088944	7.44412676062934	8.07089187361087	7.9369676460693	7.9369676460693	8.00031636539184	8.11137875448352	8.29541000174369	8.26627116913142	8.46355873005622	9.18225430288611	8.85817481676535	8.85817481676535
